Id	Ctrl1	Ctrl3	Ctrl4	RNAi1	RNAi3	RNAi4	norm.Ctrl1	norm.Ctrl3	norm.Ctrl4	norm.RNAi1	norm.RNAi3	norm.RNAi4	baseMean	Untreated	RNAi	FoldChange	log2FoldChange	stat	pvalue	padj	dispGeneEst	dispFit	dispMAP	dispersion	betaConv	maxCooks
FBgn0003360	14873	3930	4751	1488	575	639	7481	6147	6771	760	805	782	3790.98	6800	782	0.115	-3.122	-26.667	1.13599644317831e-156	1.0244415924582e-152	0.0055	0.0131	0.0091	0.0091	TRUE	0.069
FBgn0039155	2488	751	890	81	37	54	1251	1175	1268	41	52	66	642.29	1231	53	0.042	-4.587	-24.639	4.84068597419127e-134	2.18266530576285e-130	0.0032	0.0179	0.0152	0.0152	TRUE	0.5448
FBgn0029167	10389	3806	3801	2341	934	920	5226	5953	5417	1195	1308	1126	3370.78	5532	1210	0.219	-2.193	-19.339	2.52476242567248e-83	5.6920768886786e-80	0.0044	0.0133	0.0087	0.0087	TRUE	0.057
FBgn0035085	1893	669	784	313	131	150	952	1046	1117	160	183	184	607.12	1038	176	0.168	-2.573	-17.514	1.11920653811482e-68	2.01860091214388e-65	0.0053	0.0182	0.0122	0.0122	TRUE	0.0848
FBgn0039827	765	320	330	46	14	28	385	500	470	23	20	34	238.83	452	26	0.057	-4.139	-16.713	1.05638744664097e-62	1.58775033230137e-59	0.0183	0.0274	0.0245	0.0245	TRUE	0.3654
FBgn0034897	2876	961	981	722	273	263	1447	1503	1398	369	382	322	903.43	1449	358	0.247	-2.017	-16.096	2.69953728700249e-58	3.47777532202692e-55	7e-04	0.0162	0.0095	0.0095	TRUE	0.0798
FBgn0029896	1628	530	500	303	100	114	819	829	713	155	140	140	465.78	787	145	0.185	-2.434	-15.968	2.14131019578231e-57	2.41379191819561e-54	0	0.02	0.0126	0.0126	TRUE	0.0774
FBgn0034736	711	282	257	51	25	28	358	441	366	26	35	34	210.05	388	32	0.079	-3.655	-15.584	9.36058783248268e-55	9.37930900814765e-52	0	0.0295	0.0228	0.0228	TRUE	0.3117
FBgn0023479	9560	3082	2975	2993	1142	1169	4809	4820	4240	1528	1599	1431	3071.17	4623	1519	0.329	-1.606	-14.535	7.2615751899509e-48	5.95317136936157e-45	0.0035	0.0134	0.0083	0.0083	TRUE	0.0634
FBgn0038832	852	252	287	129	52	65	429	394	409	66	73	80	241.66	411	73	0.175	-2.517	-13.724	7.31217686998347e-43	5.49510091779258e-40	0	0.0273	0.0161	0.0161	TRUE	0.0949
FBgn0036821	1441	498	456	381	112	147	725	779	650	195	157	180	447.48	718	177	0.249	-2.006	-12.734	3.84020627008767e-37	2.66392154951159e-34	0.0062	0.0203	0.0143	0.0143	TRUE	0.0956
FBgn0027279	8236	2595	2630	3503	1241	1376	4143	4059	3748	1789	1737	1684	2860.01	3983	1737	0.436	-1.197	-11.84	2.42544857873765e-32	1.36704345519101e-29	0.0016	0.0135	0.0069	0.0069	TRUE	0.0322
FBgn0026562	102362	47057	59729	17982	10095	12157	51489	73600	85124	9183	14132	14880	41401.23	70071	12732	0.182	-2.461	-11.624	3.10438558287018e-31	1.64678524625431e-28	0.0593	0.0123	0.0322	0.0322	TRUE	0.1846
FBgn0264753	353	130	146	45	11	19	178	203	208	23	15	23	108.43	196	20	0.108	-3.212	-11.542	8.10742900848176e-31	4.06182193324936e-28	0	0.0458	0.0306	0.0306	TRUE	0.1615
FBgn0040091	2712	898	1208	997	387	414	1364	1405	1722	509	542	507	1007.99	1497	519	0.347	-1.527	-11.115	1.05685105586604e-28	4.76534141089996e-26	0.0085	0.0158	0.0122	0.0122	TRUE	0.205
FBgn0037754	872	235	224	179	54	62	439	368	319	91	76	76	228.05	375	81	0.217	-2.202	-10.604	2.85566576028608e-26	1.11966929679391e-23	0.0174	0.0282	0.0235	0.0235	TRUE	0.1286
FBgn0000406	787	261	384	166	60	96	396	408	547	85	84	118	272.94	450	96	0.211	-2.245	-10.452	1.44173584029013e-25	5.20062952309457e-23	0.028	0.0255	0.0267	0.0267	TRUE	0.3963
FBgn0039419	4971	1563	1581	2239	738	848	2500	2445	2253	1143	1033	1038	1735.45	2399	1071	0.447	-1.161	-10.446	1.52404734620816e-25	5.28609960311737e-23	0.0027	0.0143	0.0082	0.0082	TRUE	0.0439
FBgn0034010	1604	488	609	633	206	226	807	763	868	323	288	277	554.38	813	296	0.366	-1.449	-10.393	2.657035063734e-25	8.87449711287156e-23	0.0033	0.0188	0.0116	0.0116	TRUE	0.0847
FBgn0259715	2276	878	1073	487	292	283	1145	1373	1529	249	409	346	841.86	1349	335	0.246	-2.021	-10.325	5.42147549013404e-25	1.74610235607246e-22	0.0365	0.0165	0.0256	0.0256	TRUE	0.3759
FBgn0030041	288	93	117	41	10	15	145	145	167	21	14	18	85.06	152	18	0.121	-3.046	-10.14	3.65367500245771e-24	1.13616693697116e-21	0	0.055	0.0357	0.0357	TRUE	0.2162
FBgn0033913	13201	4464	4494	5352	2320	2609	6640	6982	6405	2733	3248	3193	4866.85	6676	3058	0.458	-1.128	-10.029	1.13357880886558e-23	3.29761732204833e-21	0.0049	0.0129	0.0089	0.0089	TRUE	0.1077
FBgn0036985	6750	1660	1728	1962	768	824	3395	2596	2463	1002	1075	1009	1923.33	2818	1029	0.364	-1.457	-9.884	4.87788159933161e-23	1.37464800821164e-20	0.0158	0.0141	0.015	0.015	TRUE	0.3964
FBgn0040099	2991	782	938	944	219	266	1505	1223	1337	482	307	326	863.1	1355	372	0.276	-1.857	-9.861	6.13074675634418e-23	1.66810282471867e-20	0.0365	0.0164	0.0237	0.0237	TRUE	0.8343
FBgn0024288	201	73	73	7	6	4	101	114	104	4	8	5	56.03	106	6	0.048	-4.392	-9.653	4.78042335576967e-22	1.1974960506203e-19	0	0.0772	0.0541	0.0541	TRUE	0.6165
FBgn0052407	573	170	189	151	38	49	288	266	269	77	53	60	168.96	274	63	0.236	-2.08	-9.634	5.72957195925322e-22	1.39646702509583e-19	0.0069	0.0337	0.024	0.024	TRUE	0.4214
FBgn0261596	46323	12868	17152	18483	7647	8915	23301	20126	24444	9439	10705	10912	16487.87	22624	10352	0.457	-1.128	-9.462	3.03102938163166e-21	7.00867255475752e-19	0.0078	0.0124	0.0102	0.0102	TRUE	0.1138
FBgn0016715	488	144	169	85	42	52	245	225	241	43	59	64	146.23	237	55	0.227	-2.14	-9.333	1.03333697701032e-20	2.32965821466976e-18	0.0069	0.0371	0.0264	0.0264	TRUE	0.4611
FBgn0039109	1225	413	415	506	169	217	616	646	591	258	237	266	435.7	618	254	0.411	-1.281	-9.231	2.68498711864696e-20	5.90566191120933e-18	0	0.0205	0.011	0.011	TRUE	0.0323
FBgn0001137	1152	378	462	487	159	205	579	591	658	249	223	251	425.22	609	241	0.397	-1.334	-9.204	3.43666778032755e-20	7.20741163790554e-18	0.0021	0.0207	0.0121	0.0121	TRUE	0.0555
FBgn0023549	632	217	236	178	79	91	318	339	336	91	111	111	217.75	331	104	0.311	-1.683	-9.207	3.36258688271552e-20	7.20741163790554e-18	0	0.0289	0.0176	0.0176	TRUE	0.1705
FBgn0085359	266	48	85	11	2	1	134	75	121	6	3	1	56.61	110	3	0.034	-4.874	-9.094	9.53800743108114e-20	1.95485797757931e-17	0.097	0.0765	0.0813	0.0813	TRUE	1.0535
FBgn0036576	6041	1985	1734	2282	894	1100	3039	3105	2471	1165	1252	1346	2062.97	2872	1254	0.436	-1.197	-9.058	1.32717826481629e-19	2.65966524269185e-17	0.0091	0.0139	0.012	0.012	TRUE	0.1782
FBgn0063649	1708	598	525	716	247	278	859	935	748	366	346	340	599.06	847	351	0.415	-1.27	-8.994	2.38074851937098e-19	4.66730220601902e-17	0.0055	0.0183	0.0123	0.0123	TRUE	0.1178
FBgn0261552	22562	5910	5178	6777	1604	1698	11349	9244	7379	3461	2245	2078	5959.42	9324	2595	0.279	-1.844	-8.784	1.57740436913901e-18	2.84500652017912e-16	0.0646	0.0128	0.0315	0.0315	TRUE	0.2101
FBgn0261584	481	140	152	133	42	39	242	219	217	68	59	48	142	226	58	0.261	-1.937	-8.628	6.24706362204965e-18	1.08338499507007e-15	0.0054	0.0378	0.0255	0.0255	TRUE	0.2651
FBgn0050147	2420	792	897	1189	449	546	1217	1239	1278	607	629	668	939.74	1245	635	0.509	-0.973	-8.566	1.07010671377595e-17	1.82079666883613e-15	0	0.0161	0.008	0.008	TRUE	0.0251
FBgn0040827	720	189	192	189	42	57	362	296	274	97	59	70	192.75	311	75	0.246	-2.021	-8.515	1.65877470776814e-17	2.7701537619728e-15	0.0342	0.0311	0.0323	0.0323	TRUE	0.7255
FBgn0024315	247	89	92	48	15	23	124	139	131	25	21	28	78.04	131	25	0.188	-2.412	-8.474	2.37435667051171e-17	3.89308153721356e-15	0	0.0589	0.0347	0.0347	TRUE	0.0658
FBgn0261800	94028	30240	31297	53592	20033	20899	47297	47297	44603	27368	28044	25580	36698.26	46399	26997	0.582	-0.781	-8.42	3.77904408847533e-17	6.08561064104831e-15	0.0016	0.0123	0.0062	0.0062	TRUE	0.0258
FBgn0034389	390	127	102	86	25	37	196	199	145	44	35	45	110.73	180	41	0.231	-2.112	-8.195	2.50839011000904e-16	3.95547183322279e-14	0.0141	0.0451	0.033	0.033	TRUE	0.2762
FBgn0261015	2965	897	873	1323	495	580	1491	1403	1244	676	693	710	1036.17	1379	693	0.501	-0.997	-8.104	5.33607621083266e-16	8.15605682530321e-14	0.0041	0.0157	0.0098	0.0098	TRUE	0.0874
FBgn0052521	7542	2796	2700	3949	1622	1764	3794	4373	3848	2017	2271	2159	3076.86	4005	2149	0.536	-0.899	-7.98	1.46381547160001e-15	2.09534728934744e-13	0.0044	0.0134	0.0088	0.0088	TRUE	0.0778
FBgn0035542	1784	591	515	758	257	331	897	924	734	387	360	405	617.95	852	384	0.451	-1.15	-7.903	2.71908306352911e-15	3.71525622225841e-13	0.0076	0.0181	0.0133	0.0133	TRUE	0.1672
FBgn0031703	273	93	106	73	25	28	137	145	151	37	35	34	90.07	144	35	0.248	-2.011	-7.898	2.82444322339255e-15	3.74571014537559e-13	0	0.0526	0.0293	0.0293	TRUE	0.0251
FBgn0265512	252	80	81	57	16	17	127	125	115	29	22	21	73.27	122	24	0.203	-2.303	-7.806	5.92084719262467e-15	7.73828985262163e-13	0	0.0619	0.0388	0.0388	TRUE	0.3304
FBgn0032004	2014	724	864	1113	358	459	1013	1132	1231	568	501	562	834.69	1125	544	0.485	-1.043	-7.776	7.50392589902743e-15	9.66720053677562e-13	0.0063	0.0165	0.0115	0.0115	TRUE	0.0978
FBgn0037239	1883	603	709	975	384	420	947	943	1010	498	538	514	741.71	967	517	0.533	-0.907	-7.63	2.34493107838783e-14	2.93702617568075e-12	0	0.0171	0.0086	0.0086	TRUE	0.0177
FBgn0262057	1977	566	663	1000	319	392	994	885	945	511	447	480	710.27	941	479	0.51	-0.973	-7.608	2.78238844929575e-14	3.43720260763686e-12	0.0027	0.0173	0.0101	0.0101	TRUE	0.0429
FBgn0283658	3015	1221	1307	1356	599	719	1517	1910	1863	692	839	880	1283.34	1763	804	0.455	-1.135	-7.604	2.87184937410216e-14	3.49977535887207e-12	0.0151	0.015	0.0151	0.0151	TRUE	0.1868
FBgn0031449	2309	788	824	1185	459	558	1161	1232	1174	605	643	683	916.49	1189	644	0.54	-0.888	-7.592	3.16030948364493e-14	3.79995612313466e-12	0.0013	0.0162	0.0086	0.0086	TRUE	0.036
FBgn0039257	1638	474	473	688	247	307	824	741	674	351	346	376	552.05	746	358	0.477	-1.067	-7.565	3.88665461596966e-14	4.61182254300189e-12	0.0052	0.0188	0.0122	0.0122	TRUE	0.1056
FBgn0036684	2595	849	817	1347	497	555	1305	1328	1164	688	696	679	976.75	1266	688	0.543	-0.881	-7.545	4.50822882619786e-14	5.27985928731904e-12	0.0016	0.0159	0.0086	0.0086	TRUE	0.0568
FBgn0031359	1680	569	571	873	329	366	845	890	814	446	461	448	650.52	850	452	0.531	-0.913	-7.531	5.05243596427411e-14	5.76745158554733e-12	0	0.0178	0.0088	0.0088	TRUE	0.0187
FBgn0040388	3503	1183	1091	1857	679	745	1762	1850	1555	948	951	912	1329.65	1722	937	0.544	-0.878	-7.47	8.00894245212956e-14	9.02808037916304e-12	0.0034	0.0149	0.0091	0.0091	TRUE	0.0845
FBgn0043841	38223	11088	13878	21854	7720	9558	19227	17342	19778	11160	10807	11699	15002.25	18782	11222	0.597	-0.743	-7.363	1.79170727521687e-13	1.97044100096412e-11	0.003	0.0124	0.0073	0.0073	TRUE	0.0548
FBgn0046874	2181	712	642	1030	394	436	1097	1114	915	526	552	534	789.47	1042	537	0.514	-0.959	-7.262	3.81168900169082e-13	4.09212040681522e-11	0.005	0.0168	0.0111	0.0111	TRUE	0.1309
FBgn0053307	3603	741	985	1274	301	375	1812	1159	1404	651	421	459	984.34	1458	510	0.351	-1.511	-7.244	4.35793315806436e-13	4.62351073169698e-11	0.0526	0.0159	0.0299	0.0299	TRUE	0.2296
FBgn0263873	2169	776	698	1061	430	393	1091	1214	995	542	602	481	820.72	1100	542	0.492	-1.022	-7.187	6.61062176103469e-13	6.85225138402423e-11	0.0091	0.0166	0.0131	0.0131	TRUE	0.1046
FBgn0051337	2492	732	1012	1099	407	574	1253	1145	1442	561	570	703	945.7	1280	611	0.477	-1.069	-7.162	7.94256961265842e-13	8.13932872351746e-11	0.0135	0.016	0.0148	0.0148	TRUE	0.197
FBgn0031322	1036	346	439	303	137	215	521	541	626	155	192	263	382.93	563	203	0.359	-1.48	-7.138	9.4371085891551e-13	9.56222980415738e-11	0.0366	0.0217	0.0274	0.0274	TRUE	0.7185
FBgn0063498	812	270	263	376	100	136	408	422	375	192	140	166	284	402	166	0.418	-1.258	-7.104	1.21109229849789e-12	1.18713373346239e-10	0.0084	0.025	0.0182	0.0182	TRUE	0.2315
FBgn0029801	4112	1216	1195	1974	736	898	2068	1902	1703	1008	1030	1099	1468.48	1891	1046	0.552	-0.858	-7.035	1.99720228273343e-12	1.93664195545054e-10	0.0053	0.0147	0.0099	0.0099	TRUE	0.0909
FBgn0033504	5236	1908	1753	2949	1099	1311	2634	2984	2498	1506	1539	1605	2127.57	2705	1550	0.573	-0.804	-7.026	2.12694333301091e-12	2.04050797628643e-10	0.0041	0.0139	0.0089	0.0089	TRUE	0.0961
FBgn0033782	483	155	180	141	59	89	243	242	257	72	83	109	167.57	247	88	0.351	-1.512	-7.001	2.53564093949951e-12	2.38191770754236e-10	0.0124	0.0339	0.0256	0.0256	TRUE	0.4016
FBgn0027596	1932	741	694	975	421	418	972	1159	989	498	589	512	786.46	1040	533	0.512	-0.966	-6.964	3.31101036635029e-12	3.04680525344357e-10	0.0071	0.0168	0.0123	0.0123	TRUE	0.1157
FBgn0036896	1768	556	525	903	293	346	889	870	748	461	410	424	633.66	836	432	0.517	-0.951	-6.939	3.94428607355071e-12	3.59288604154347e-10	0.0049	0.0179	0.0117	0.0117	TRUE	0.0965
FBgn0031805	7500	2761	2967	3399	1608	1904	3773	4318	4228	1736	2251	2330	3106.11	4106	2106	0.512	-0.965	-6.819	9.18785221218545e-12	7.89105249995127e-10	0.0138	0.0134	0.014	0.014	TRUE	0.2938
FBgn0004369	2171	778	728	1261	437	505	1092	1217	1038	644	612	618	870.04	1116	625	0.561	-0.833	-6.805	1.01088110925079e-11	8.60011872002226e-10	0.0024	0.0164	0.0095	0.0095	TRUE	0.0713
FBgn0261560	5318	1277	1597	2279	832	1053	2675	1997	2276	1164	1165	1289	1760.95	2316	1206	0.52	-0.945	-6.8	1.04425464581515e-11	8.80101719248694e-10	0.0116	0.0143	0.0132	0.0132	TRUE	0.1804
FBgn0039640	226	73	82	64	24	22	114	114	117	33	34	27	72.99	115	31	0.272	-1.879	-6.782	1.18440384985022e-11	9.7990402916966e-10	0	0.0621	0.0349	0.0349	TRUE	0.0717
FBgn0033426	976	287	354	461	157	212	491	449	505	235	220	259	359.84	482	238	0.494	-1.016	-6.768	1.30704411715183e-11	1.07153853167957e-09	3e-04	0.0223	0.013	0.013	TRUE	0.0595
FBgn0026376	4376	1257	1092	1995	589	687	2201	1966	1556	1019	825	841	1401.28	1908	895	0.469	-1.091	-6.763	1.35507445154594e-11	1.10090643279651e-09	0.0206	0.0148	0.0179	0.0179	TRUE	0.2207
FBgn0051431	5272	1754	1972	3448	1149	1421	2652	2743	2810	1761	1608	1739	2219.03	2735	1703	0.623	-0.682	-6.722	1.79282616663654e-11	1.44354521167217e-09	0.0011	0.0138	0.0069	0.0069	TRUE	0.0275
FBgn0036373	10171	3942	3654	3739	2045	2273	5116	6166	5208	1909	2863	2782	4007.25	5497	2518	0.458	-1.128	-6.705	2.0205081197885e-11	1.59832826528532e-09	0.0272	0.0131	0.0201	0.0201	TRUE	0.5521
FBgn0000567	677	261	232	338	108	108	341	408	331	173	151	132	255.9	360	152	0.427	-1.227	-6.615	3.70698168072655e-11	2.80920678964639e-09	0.0111	0.0264	0.0199	0.0199	TRUE	0.1804
FBgn0030237	5803	1538	2031	3161	913	1222	2919	2406	2895	1614	1278	1496	2101.17	2740	1463	0.534	-0.904	-6.575	4.87958797356197e-11	3.60689543816244e-09	0.0116	0.0139	0.0131	0.0131	TRUE	0.1438
FBgn0040752	12928	5157	4082	6703	2729	2865	6503	8066	5818	3423	3820	3507	5189.39	6796	3583	0.527	-0.923	-6.557	5.5085204865615e-11	4.03868599575704e-09	0.0158	0.0129	0.0141	0.0141	TRUE	0.324
FBgn0037646	161	32	47	15	5	10	81	50	67	8	7	12	37.49	66	9	0.132	-2.926	-6.525	6.79280212735566e-11	4.86170552257884e-09	0	0.1094	0.0825	0.0825	TRUE	0.1083
FBgn0036732	6047	2084	2075	3785	1397	1644	3042	3259	2957	1933	1956	2012	2526.53	3086	1967	0.637	-0.65	-6.521	6.99837219023714e-11	4.96939530799673e-09	9e-04	0.0136	0.0067	0.0067	TRUE	0.0285
FBgn0262579	13799	4560	4404	8524	3126	3486	6941	7132	6276	4353	4376	4267	5557.57	6783	4332	0.639	-0.647	-6.517	7.16943359362738e-11	5.05109001151029e-09	0.002	0.0128	0.0069	0.0069	TRUE	0.0516
FBgn0002868	392	73	91	86	21	27	197	114	130	44	29	33	91.23	147	35	0.244	-2.036	-6.418	1.3843360506413e-10	9.45753220051763e-09	0.0594	0.0521	0.0551	0.0551	TRUE	0.8875
FBgn0053516	1876	601	549	960	358	405	944	940	782	490	501	496	692.2	889	496	0.557	-0.845	-6.341	2.288880817877e-10	1.55196445230187e-08	0.0044	0.0174	0.0111	0.0111	TRUE	0.1254
FBgn0034638	3778	1358	1664	2111	821	1068	1900	2124	2371	1078	1149	1307	1655.07	2132	1178	0.553	-0.856	-6.319	2.63011413956229e-10	1.75691624522761e-08	0.0101	0.0144	0.0125	0.0125	TRUE	0.1169
FBgn0015371	1012	349	293	486	180	179	509	546	418	248	252	219	365.29	491	240	0.489	-1.033	-6.254	4.00424111681256e-10	2.59785945261983e-08	0.0089	0.0222	0.0164	0.0164	TRUE	0.1849
FBgn0039714	5083	1860	2161	3360	1259	1425	2557	2909	3080	1716	1762	1744	2294.7	2849	1741	0.612	-0.709	-6.223	4.88351868534499e-10	3.1233738655632e-08	0.0045	0.0138	0.0089	0.0089	TRUE	0.1008
FBgn0045852	5575	1757	1747	3023	1275	1293	2804	2748	2490	1544	1785	1583	2158.89	2681	1637	0.61	-0.714	-6.2	5.65989483951715e-10	3.54450914324762e-08	0.0043	0.0139	0.009	0.009	TRUE	0.0736
FBgn0039809	1474	452	566	874	241	318	741	707	807	446	337	389	571.33	752	391	0.524	-0.934	-6.16	7.26865703598888e-10	4.52060338969294e-08	0.0091	0.0186	0.0145	0.0145	TRUE	0.1929
FBgn0004893	1125	425	409	632	234	282	566	665	583	323	328	345	468.16	605	332	0.55	-0.863	-6.15	7.74815971576877e-10	4.78581536416457e-08	0.0028	0.02	0.0117	0.0117	TRUE	0.0845
FBgn0261808	1069	312	370	568	183	241	538	488	527	290	256	295	399.04	518	280	0.542	-0.883	-6.136	8.48135256095668e-10	5.16789441856131e-08	0	0.0213	0.012	0.012	TRUE	0.0562
FBgn0035147	39841	16851	20878	17859	9306	10816	20040	26356	29755	9120	13028	13239	18589.52	25384	11796	0.465	-1.106	-6.043	1.51131232081984e-09	8.79291258655055e-08	0.0381	0.0124	0.0241	0.0241	TRUE	0.2836
FBgn0085376	884	327	292	494	162	185	445	511	416	252	227	226	346.29	457	235	0.517	-0.951	-6.017	1.78081976613799e-09	1.02945081096361e-07	0.0047	0.0227	0.0146	0.0146	TRUE	0.1122
FBgn0029092	20131	5992	7014	13500	4603	5432	10126	9372	9996	6894	6444	6649	8246.75	9831	6662	0.678	-0.561	-6.008	1.87376087705532e-09	1.07627869995445e-07	0.0012	0.0126	0.0062	0.0062	TRUE	0.0203
FBgn0035344	213	78	74	59	30	27	107	122	105	30	42	33	73.3	111	35	0.309	-1.695	-5.994	2.04811267241963e-09	1.16897975189115e-07	0	0.0619	0.0384	0.0384	TRUE	0.1694
FBgn0036181	545	185	186	271	99	102	274	289	265	138	139	125	205.07	276	134	0.486	-1.04	-5.979	2.23873797137683e-09	1.26974459282241e-07	0	0.0299	0.016	0.016	TRUE	0.0326
FBgn0043364	4456	904	974	1685	412	512	2241	1414	1388	860	577	627	1184.56	1681	688	0.41	-1.288	-5.929	3.03889970700495e-09	1.71279984736066e-07	0.0644	0.0153	0.0329	0.0329	TRUE	1.0417
FBgn0037635	486	161	184	248	79	100	244	252	262	127	111	122	186.36	253	120	0.478	-1.065	-5.894	3.77815458863203e-09	2.0902698208763e-07	0	0.0317	0.0172	0.0172	TRUE	0.0395
FBgn0029766	47920	16519	18369	24424	10864	13765	24104	25837	26179	12472	15209	16848	20108.17	25373	14843	0.585	-0.774	-5.892	3.8254211704526e-09	2.10351512897205e-07	0.012	0.0124	0.0124	0.0124	TRUE	0.2398
FBgn0051038	1615	692	633	796	382	402	812	1082	902	406	535	492	705.02	932	478	0.512	-0.967	-5.83	5.53390657074789e-09	2.98830954820386e-07	0.0178	0.0174	0.0181	0.0181	TRUE	0.2314
FBgn0052681	411	136	157	200	69	79	207	213	224	102	97	97	156.44	215	99	0.462	-1.114	-5.826	5.66437323173386e-09	3.04055463117714e-07	0	0.0355	0.0187	0.0187	TRUE	0.0151
FBgn0010225	29935	9558	11425	21227	7660	8438	15058	14949	16282	10840	10723	10328	13030.1	15430	10630	0.689	-0.537	-5.807	6.37579748758377e-09	3.38217304370767e-07	0.0014	0.0125	0.0061	0.0061	TRUE	0.0285
FBgn0086365	8419	2822	3034	5602	2204	2398	4235	4414	4324	2861	3085	2935	3642.3	4324	2960	0.684	-0.547	-5.801	6.59500357991689e-09	3.47799662477723e-07	7e-04	0.0132	0.0061	0.0061	TRUE	0.0163
FBgn0026721	8761	3238	4048	4805	2217	2447	4407	5064	5769	2454	3104	2995	3965.47	5080	2851	0.561	-0.834	-5.771	7.89143941428757e-09	4.06657146503116e-07	0.016	0.0131	0.0148	0.0148	TRUE	0.1317
FBgn0020257	2645	904	868	1730	575	647	1330	1414	1237	883	805	792	1076.96	1327	827	0.624	-0.679	-5.684	1.31882481589703e-08	6.6073123276441e-07	0.003	0.0156	0.0092	0.0092	TRUE	0.046
FBgn0031374	4395	1771	1579	2757	1097	1155	2211	2770	2250	1408	1536	1414	1931.39	2410	1453	0.603	-0.73	-5.65	1.60483591308292e-08	7.99580677579104e-07	0.0088	0.0141	0.0114	0.0114	TRUE	0.2032
FBgn0022160	3024	1334	1370	1343	716	827	1521	2086	1952	686	1002	1012	1376.74	1853	900	0.485	-1.044	-5.644	1.66313323561625e-08	8.15116060803658e-07	0.0361	0.0148	0.0238	0.0238	TRUE	0.5398
FBgn0038381	426	150	189	222	80	92	214	235	269	113	112	113	176.04	239	113	0.474	-1.079	-5.59	2.26946652434008e-08	1.09444112922454e-06	0	0.0329	0.02	0.02	TRUE	0.1279
FBgn0259714	359	111	119	164	52	57	181	174	170	84	73	70	125.02	175	76	0.436	-1.198	-5.585	2.33137281643207e-08	1.11831489673321e-06	0	0.0413	0.0235	0.0235	TRUE	0.1159
FBgn0003525	3877	1006	1061	2002	686	818	1950	1573	1512	1022	960	1001	1336.6	1678	994	0.592	-0.758	-5.576	2.46188417642777e-08	1.17467044989553e-06	0.0093	0.0149	0.0124	0.0124	TRUE	0.2499
FBgn0037683	3253	1076	1579	1853	686	919	1636	1683	2250	946	960	1125	1433.5	1856	1010	0.544	-0.877	-5.564	2.63847815418869e-08	1.25230505234071e-06	0.0206	0.0147	0.0171	0.0171	TRUE	0.4119
FBgn0034476	429	158	149	222	74	83	216	247	212	113	104	102	165.64	225	106	0.476	-1.071	-5.55	2.85913396198638e-08	1.34993037011483e-06	0	0.0342	0.0197	0.0197	TRUE	0.0707
FBgn0031547	482	176	254	282	80	97	242	275	362	144	112	119	209.07	293	125	0.432	-1.209	-5.511	3.56077867451477e-08	1.66378767288985e-06	0.0276	0.0296	0.0287	0.0287	TRUE	0.4089
FBgn0032029	918	255	309	398	168	213	462	399	440	203	235	261	333.35	434	233	0.532	-0.91	-5.5	3.79680702108089e-08	1.75587721621064e-06	0.0079	0.0231	0.0162	0.0162	TRUE	0.1663
FBgn0013811	790	335	339	400	181	208	397	524	483	204	253	255	352.78	468	237	0.506	-0.982	-5.497	3.85729120637181e-08	1.77474755607454e-06	0.0161	0.0225	0.0196	0.0196	TRUE	0.2242
FBgn0039098	741	212	274	393	137	170	373	332	390	201	192	208	282.56	365	200	0.548	-0.868	-5.458	4.81920317638313e-08	2.19492799215268e-06	0	0.0251	0.0142	0.0142	TRUE	0.0642
FBgn0038237	138	37	24	20	5	6	69	58	34	10	7	7	31.01	54	8	0.156	-2.68	-5.448	5.08349748052727e-08	2.2904410820203e-06	0	0.1297	0.1077	0.1077	TRUE	0.1736
FBgn0052412	2600	834	1016	1737	644	715	1308	1304	1448	887	902	875	1120.66	1353	888	0.656	-0.607	-5.449	5.06361817638966e-08	2.2904410820203e-06	0.0011	0.0154	0.0079	0.0079	TRUE	0.0436
FBgn0263041	219	78	117	92	33	39	110	122	167	47	46	48	89.97	133	47	0.356	-1.489	-5.443	5.25185885643107e-08	2.34461698847997e-06	0.0214	0.0527	0.0391	0.0391	TRUE	0.4717
FBgn0038865	593	212	267	313	120	154	298	332	381	160	168	188	254.45	337	172	0.511	-0.967	-5.406	6.45750820373306e-08	2.82688393112935e-06	0.0088	0.0265	0.0184	0.0184	TRUE	0.1439
FBgn0032036	16353	5914	6392	11868	4455	5064	8226	9250	9110	6061	6237	6198	7513.44	8862	6165	0.696	-0.523	-5.366	8.05906627161216e-08	3.49407017487493e-06	0.0019	0.0127	0.0067	0.0067	TRUE	0.0488
FBgn0264693	10951	3889	3462	7173	2568	2939	5508	6083	4934	3663	3595	3597	4563.38	5508	3618	0.657	-0.606	-5.366	8.04385159043464e-08	3.49407017487493e-06	0.0051	0.013	0.0089	0.0089	TRUE	0.1001
FBgn0032638	327	104	113	155	46	41	164	163	161	79	64	50	113.65	163	64	0.404	-1.307	-5.354	8.61161320978704e-08	3.69807275837426e-06	0.0114	0.0442	0.0319	0.0319	TRUE	0.464
FBgn0267824	2691	911	927	1779	679	733	1354	1425	1321	908	951	897	1142.63	1367	919	0.672	-0.573	-5.302	1.14749134947572e-07	4.88116839130758e-06	0	0.0154	0.0074	0.0074	TRUE	0.0158
FBgn0267252	352	87	91	126	32	48	177	136	130	64	45	59	101.79	148	56	0.381	-1.391	-5.276	1.31966673970964e-07	5.53523472497744e-06	0.0227	0.048	0.0376	0.0376	TRUE	0.3725
FBgn0013272	31971	9820	10697	22792	8018	8963	16082	15359	15245	11639	11224	10971	13419.99	15562	11278	0.725	-0.464	-5.215	1.83539729562191e-07	7.59248294124696e-06	8e-04	0.0125	0.0056	0.0056	TRUE	0.0105
FBgn0031258	472	134	111	195	46	52	237	210	158	100	64	64	138.8	202	76	0.382	-1.39	-5.199	2.00776629302708e-07	8.26759654361563e-06	0.0479	0.0384	0.0422	0.0422	TRUE	0.4887
FBgn0027348	501	192	220	269	100	134	252	300	314	137	140	164	217.87	289	147	0.511	-0.968	-5.185	2.16049720536939e-07	8.81600171856159e-06	0.0087	0.0289	0.0197	0.0197	TRUE	0.1616
FBgn0000079	764	394	388	263	151	218	384	616	553	134	211	267	361	518	204	0.392	-1.35	-5.166	2.38563879326818e-07	9.60432617754128e-06	0.0831	0.0223	0.0455	0.0455	TRUE	0.757
FBgn0028514	1690	449	441	876	275	269	850	702	628	447	385	329	557.07	727	387	0.533	-0.908	-5.157	2.5115627578006e-07	1.00663435332648e-05	0.0207	0.0187	0.0202	0.0202	TRUE	0.2742
FBgn0035232	4103	1382	1483	2672	1050	1249	2064	2162	2114	1364	1470	1529	1783.68	2113	1454	0.688	-0.54	-5.133	2.85398147267156e-07	1.1337975735926e-05	0.0015	0.0142	0.0074	0.0074	TRUE	0.0374
FBgn0030529	25183	6896	7404	15596	5144	6149	12667	10786	10552	7964	7201	7526	9449.45	11335	7564	0.667	-0.584	-5.109	3.23563881811787e-07	1.27419174068938e-05	0.0064	0.0126	0.0093	0.0093	TRUE	0.1301
FBgn0024250	1049	346	292	586	190	213	528	541	416	299	266	261	385.15	495	275	0.558	-0.843	-5.102	3.36223306023629e-07	1.31828772770482e-05	0.0105	0.0216	0.0167	0.0167	TRUE	0.2132
FBgn0030452	2038	715	832	1294	542	584	1025	1118	1186	661	759	715	910.59	1110	712	0.641	-0.642	-5.092	3.54726518314628e-07	1.37884644058677e-05	0.0044	0.0162	0.0102	0.0102	TRUE	0.0572
FBgn0028990	3132	1060	1333	1578	753	919	1575	1658	1900	806	1054	1125	1352.98	1711	995	0.58	-0.785	-5.013	5.3716892051665e-07	2.05087210324413e-05	0.0178	0.0149	0.0168	0.0168	TRUE	0.347
FBgn0039886	2180	655	789	1480	451	576	1097	1024	1124	756	631	705	889.61	1082	697	0.646	-0.63	-4.996	5.86142637807839e-07	2.22093878476937e-05	0.0034	0.0163	0.0102	0.0102	TRUE	0.0778
FBgn0031913	1983	708	937	1323	509	584	997	1107	1335	676	713	715	923.86	1146	701	0.612	-0.708	-4.924	8.46605301417437e-07	3.18111942007602e-05	0.011	0.0161	0.0137	0.0137	TRUE	0.2462
FBgn0010382	2677	1015	928	1737	701	733	1347	1588	1323	887	981	897	1170.36	1419	922	0.65	-0.622	-4.919	8.68305643293019e-07	3.24912045278691e-05	0.0056	0.0153	0.0106	0.0106	TRUE	0.1256
FBgn0034400	13319	4692	4382	8963	3472	3880	6700	7339	6245	4577	4860	4749	5744.98	6761	4729	0.699	-0.516	-4.898	9.67067123409319e-07	3.60372368549803e-05	0.0035	0.0128	0.0078	0.0078	TRUE	0.0672
FBgn0013576	6085	2009	1986	4231	1563	1682	3061	3142	2830	2161	2188	2059	2573.47	3011	2136	0.709	-0.496	-4.874	1.09554026995315e-06	4.0490090796875e-05	0.0014	0.0136	0.007	0.007	TRUE	0.0327
FBgn0030349	3923	1462	1481	2670	1087	1187	1973	2287	2111	1363	1522	1453	1784.78	2124	1446	0.681	-0.554	-4.848	1.24940103792168e-06	4.58012136584459e-05	0.0038	0.0142	0.0088	0.0088	TRUE	0.054
FBgn0051523	12626	3373	3442	7626	2164	2309	6351	5276	4905	3894	3029	2826	4380.32	5511	3250	0.59	-0.761	-4.834	1.33584258448985e-06	4.85751146247156e-05	0.0241	0.013	0.0176	0.0176	TRUE	0.3699
FBgn0039101	641	211	233	377	125	169	322	330	332	193	175	207	259.81	328	192	0.585	-0.774	-4.831	1.35785597501651e-06	4.89805807307957e-05	0	0.0262	0.0142	0.0142	TRUE	0.0498
FBgn0261545	4014	1425	1312	2896	883	1004	2019	2229	1870	1479	1236	1229	1676.93	2039	1315	0.646	-0.63	-4.807	1.53558772479523e-06	5.45493145445282e-05	0.0088	0.0144	0.0117	0.0117	TRUE	0.1491
FBgn0265194	3502	1261	1254	2372	954	1033	1762	1972	1787	1211	1336	1264	1555.36	1840	1270	0.69	-0.535	-4.806	1.54247895418659e-06	5.45493145445282e-05	0.0022	0.0145	0.0082	0.0082	TRUE	0.0463
FBgn0027580	2647	1208	1173	1430	695	831	1331	1889	1672	730	973	1017	1268.81	1631	907	0.556	-0.848	-4.79	1.66615432772955e-06	5.84645125582298e-05	0.0281	0.0151	0.0216	0.0216	TRUE	0.2452
FBgn0259699	290	98	99	129	57	51	146	153	141	66	80	62	108.06	147	69	0.47	-1.09	-4.785	1.71311844937307e-06	5.98794658001797e-05	0	0.0459	0.0264	0.0264	TRUE	0.1208
FBgn0000256	5314	1765	1671	3252	1313	1521	2673	2761	2381	1661	1838	1862	2195.91	2605	1787	0.685	-0.546	-4.758	1.95739509881642e-06	6.79719354772492e-05	0.0041	0.0138	0.009	0.009	TRUE	0.067
FBgn0010591	3422	1220	1423	2114	929	1061	1721	1908	2028	1080	1301	1299	1556.03	1886	1227	0.65	-0.622	-4.758	1.9597142630389e-06	6.79719354772492e-05	0.0086	0.0145	0.0116	0.0116	TRUE	0.1381
FBgn0002778	2408	853	917	1802	614	711	1211	1334	1307	920	860	870	1083.71	1284	883	0.69	-0.535	-4.754	1.99068719016369e-06	6.85191491637258e-05	0.0016	0.0155	0.0081	0.0081	TRUE	0.0317
FBgn0035001	19248	6343	6280	13232	5161	5497	9682	9921	8950	6757	7225	6728	8210.52	9518	6903	0.725	-0.464	-4.751	2.02801721859014e-06	6.95386284305926e-05	0.002	0.0126	0.0067	0.0067	TRUE	0.033
FBgn0027091	2450	900	972	1570	674	745	1232	1408	1385	802	944	912	1113.74	1342	886	0.66	-0.6	-4.741	2.13094028814531e-06	7.27909830245999e-05	0.0057	0.0155	0.0105	0.0105	TRUE	0.0877
FBgn0034694	954	300	386	627	212	255	480	469	550	320	297	312	404.71	500	310	0.622	-0.685	-4.737	2.16482925416597e-06	7.36695479776177e-05	0.0021	0.0212	0.0123	0.0123	TRUE	0.0848
FBgn0266452	1469	453	536	926	376	363	739	709	764	473	526	444	609.15	737	481	0.652	-0.618	-4.73	2.2432019014793e-06	7.57647743353569e-05	9e-04	0.0182	0.0105	0.0105	TRUE	0.0709
FBgn0031548	126	43	50	43	10	21	63	67	71	22	14	26	43.93	67	21	0.311	-1.685	-4.717	2.39653598735306e-06	7.99877238101136e-05	0	0.0951	0.0603	0.0603	TRUE	0.272
FBgn0033359	1013	337	301	438	213	248	510	527	429	224	298	304	381.84	489	275	0.558	-0.841	-4.712	2.44725459149349e-06	8.08224929472707e-05	0.0176	0.0217	0.0199	0.0199	TRUE	0.346
FBgn0037223	89	22	22	12	4	7	45	34	31	6	6	9	21.8	37	7	0.179	-2.481	-4.712	2.45568452734e-06	8.08224929472707e-05	0	0.1792	0.1138	0.1138	TRUE	0.3579
FBgn0040398	8592	3111	4028	4713	2230	2729	4322	4866	5741	2407	3122	3340	3966.17	4976	2956	0.594	-0.752	-4.703	2.56321340779323e-06	8.40547582235612e-05	0.0236	0.0131	0.0181	0.0181	TRUE	0.3264
FBgn0044047	1566	387	410	841	239	276	788	605	584	429	335	338	513.2	659	367	0.558	-0.842	-4.698	2.62539246002798e-06	8.57818449439577e-05	0.022	0.0193	0.0209	0.0209	TRUE	0.3631
FBgn0260429	342	84	63	112	30	28	172	131	90	57	42	34	87.78	131	44	0.343	-1.546	-4.696	2.65098391557697e-06	8.63053175114553e-05	0.0766	0.0537	0.0627	0.0627	TRUE	0.0899
FBgn0052311	3550	1291	1087	2129	896	854	1786	2019	1549	1087	1254	1045	1456.81	1785	1129	0.632	-0.662	-4.689	2.7492771485897e-06	8.85463618785069e-05	0.0124	0.0147	0.0136	0.0136	TRUE	0.1214
FBgn0035020	884	230	252	474	155	175	445	360	359	242	217	214	306.13	388	224	0.577	-0.792	-4.671	3.00296581768126e-06	9.53547385346817e-05	0.0091	0.0241	0.017	0.017	TRUE	0.2094
FBgn0037912	2156	783	955	1479	575	678	1084	1225	1361	755	805	830	1010.04	1223	797	0.652	-0.617	-4.667	3.04994247150341e-06	9.65066007298869e-05	0.0071	0.0158	0.0115	0.0115	TRUE	0.1259
FBgn0033188	2850	1123	1142	2048	776	906	1434	1756	1628	1046	1086	1109	1343.11	1606	1080	0.674	-0.57	-4.646	3.38742819130679e-06	0.000106810585416799	0.0053	0.0149	0.01	0.01	TRUE	0.1115
FBgn0032775	5845	2465	2719	4033	1720	1885	2940	3855	3875	2060	2408	2307	2907.52	3557	2258	0.635	-0.655	-4.598	4.26991186806512e-06	0.000134167474655788	0.0139	0.0134	0.0142	0.0142	TRUE	0.2851
FBgn0011274	2192	549	601	1227	411	423	1103	859	857	627	575	518	756.25	940	573	0.609	-0.714	-4.594	4.35864933439484e-06	0.000136480207283238	0.0137	0.017	0.0159	0.0159	TRUE	0.2893
FBgn0262103	3463	1312	1153	2258	885	1018	1742	2052	1643	1153	1239	1246	1512.53	1812	1213	0.669	-0.58	-4.585	4.5343967220281e-06	0.000141492005672143	0.0068	0.0146	0.0108	0.0108	TRUE	0.1566
FBgn0030326	298	104	162	161	66	55	150	163	231	82	92	67	130.89	181	80	0.448	-1.159	-4.581	4.61977944187507e-06	0.000143659210368377	0.0319	0.04	0.0367	0.0367	TRUE	0.5829
FBgn0262870	100	34	45	35	12	11	50	53	64	18	17	13	35.96	56	16	0.293	-1.771	-4.577	4.71654923187624e-06	0.000146164401969278	0	0.1135	0.0681	0.0681	TRUE	0.122
FBgn0025836	223	62	73	89	35	36	112	97	104	45	49	44	75.28	104	46	0.438	-1.19	-4.537	5.70197946185e-06	0.0001725518482784	0	0.0606	0.0336	0.0336	TRUE	0.0524
FBgn0001297	26512	9197	8572	17932	7077	7870	13336	14385	12216	9157	9907	9633	11439.02	13312	9566	0.718	-0.477	-4.525	6.04639473115752e-06	0.000182362500620664	0.004	0.0125	0.0079	0.0079	TRUE	0.063
FBgn0015600	2797	922	948	1927	749	749	1407	1442	1351	984	1049	917	1191.56	1400	983	0.702	-0.511	-4.521	6.146151515201e-06	0.000184753314546942	0.0011	0.0152	0.0083	0.0083	TRUE	0.0393
FBgn0040290	1655	537	559	1069	431	447	832	840	797	546	603	547	694.24	823	565	0.685	-0.545	-4.496	6.9150016392474e-06	0.000205806880471066	0	0.0174	0.009	0.009	TRUE	0.0375
FBgn0028939	50	20	34	11	3	6	25	31	48	6	4	7	20.34	35	6	0.167	-2.586	-4.486	7.2565028249699e-06	0.000215260337090719	0	0.1913	0.14	0.14	TRUE	0.3171
FBgn0028563	2118	813	888	1496	596	672	1065	1272	1266	764	834	823	1003.89	1201	807	0.673	-0.572	-4.463	8.09797414558067e-06	0.00023633505127782	0.0057	0.0158	0.0107	0.0107	TRUE	0.1244
FBgn0020493	782	232	256	470	168	193	393	363	365	240	235	236	305.41	374	237	0.633	-0.659	-4.435	9.19912866405685e-06	0.000265890199655336	0	0.0241	0.0123	0.0123	TRUE	0.028
FBgn0038877	2727	711	864	1751	477	628	1372	1112	1231	894	668	769	1007.62	1238	777	0.628	-0.67	-4.417	1.0014696220881e-05	0.00028853843616583	0.0146	0.0158	0.0155	0.0155	TRUE	0.2167
FBgn0010223	188	52	56	67	26	29	95	81	80	34	36	35	60.3	85	35	0.41	-1.287	-4.408	1.04550292761653e-05	0.000300265777109742	0	0.0726	0.041	0.041	TRUE	0.1112
FBgn0259749	3039	1099	1275	1685	811	966	1529	1719	1817	860	1135	1182	1373.8	1688	1059	0.626	-0.675	-4.395	1.10787088711374e-05	0.000315629864383118	0.0161	0.0148	0.0161	0.0161	TRUE	0.3385
FBgn0039613	8007	2071	2450	5267	1549	1838	4028	3239	3492	2690	2168	2250	2977.71	3586	2369	0.661	-0.598	-4.376	1.21027024338181e-05	0.000338950840211713	0.0128	0.0134	0.0131	0.0131	TRUE	0.1729
FBgn0031637	3062	976	1066	2090	839	893	1540	1527	1519	1067	1175	1093	1320.13	1529	1112	0.726	-0.462	-4.358	1.31208779084309e-05	0.000364074083009938	5e-04	0.0149	0.0073	0.0073	TRUE	0.0284
FBgn0263257	276	77	83	126	46	38	139	120	118	64	64	47	92.13	126	58	0.465	-1.106	-4.341	1.41606742093326e-05	0.000390522813516091	0.0067	0.0517	0.0339	0.0339	TRUE	0.2342
FBgn0267336	3522	1168	909	2146	707	803	1772	1827	1295	1096	990	983	1327.06	1631	1023	0.627	-0.673	-4.339	1.43120589288971e-05	0.000393494351892665	0.0168	0.0149	0.0165	0.0165	TRUE	0.3837
FBgn0037222	817	247	271	523	140	199	411	386	386	267	196	244	315.02	394	236	0.601	-0.735	-4.335	1.4563203103877e-05	0.000398323731629142	0.0082	0.0237	0.0171	0.0171	TRUE	0.2167
FBgn0036663	14613	6561	6628	10204	4482	4821	7350	10262	9446	5211	6274	5901	7407.39	9019	5795	0.643	-0.638	-4.32	1.55829452512986e-05	0.000422003003832464	0.018	0.0127	0.0156	0.0156	TRUE	0.3223
FBgn0261547	1514	573	487	944	383	418	762	896	694	482	536	512	646.95	784	510	0.65	-0.621	-4.311	1.62278191034884e-05	0.000438151115794187	0.0076	0.0178	0.0132	0.0132	TRUE	0.1743
FBgn0005636	904	432	361	563	239	268	455	676	514	288	335	328	432.5	548	317	0.579	-0.789	-4.308	1.64698082444164e-05	0.000443357405218349	0.0227	0.0206	0.0215	0.0215	TRUE	0.4672
FBgn0050069	9628	2278	1720	4508	1154	1149	4843	3563	2451	2302	1615	1406	2696.85	3619	1774	0.491	-1.028	-4.289	1.79186545843568e-05	0.000479496816147566	0.0889	0.0135	0.0409	0.0409	TRUE	0.1242
FBgn0263042	131	39	52	55	13	19	66	61	74	28	18	23	45.09	67	23	0.356	-1.491	-4.287	1.81297923349189e-05	0.000483711441645853	0	0.093	0.0583	0.0583	TRUE	0.3151
FBgn0033446	257	77	64	101	37	43	129	120	91	52	52	53	82.82	113	52	0.454	-1.14	-4.283	1.84104536351845e-05	0.000488310208476745	0	0.0562	0.0367	0.0367	TRUE	0.2662
FBgn0041180	18664	6136	7036	14642	5386	5791	9388	9597	10027	7477	7540	7088	8519.65	9671	7368	0.762	-0.392	-4.281	1.85955630409745e-05	0.000491773570391519	9e-04	0.0126	0.0059	0.0059	TRUE	0.0134
FBgn0266418	1043	377	408	671	282	311	525	590	581	343	395	381	468.97	565	373	0.659	-0.603	-4.276	1.90375597628267e-05	0.000501990391640851	0.0036	0.02	0.0119	0.0119	TRUE	0.0652
FBgn0262127	8869	2804	2480	5756	2028	2299	4461	4386	3534	2939	2839	2814	3495.6	4127	2864	0.694	-0.527	-4.267	1.97980709946926e-05	0.000519008733227144	0.0076	0.0132	0.0107	0.0107	TRUE	0.1906
FBgn0039209	4686	1425	1225	2977	867	1050	2357	2229	1746	1520	1214	1285	1725.15	2111	1340	0.635	-0.655	-4.266	1.98765236408792e-05	0.000519514689306776	0.0179	0.0143	0.0163	0.0163	TRUE	0.2737
FBgn0015522	361	136	113	218	59	66	182	213	161	111	83	81	138.34	185	92	0.503	-0.99	-4.255	2.09351166054403e-05	0.000540953815323382	0.019	0.0385	0.0306	0.0306	TRUE	0.4272
FBgn0266445	95	49	43	39	17	8	48	77	61	20	24	10	39.87	62	18	0.294	-1.768	-4.251	2.12442338311395e-05	0.000547372859112046	0.0552	0.1035	0.088	0.088	TRUE	0.2349
FBgn0001114	91787	29557	32275	49682	24193	27820	46170	46229	45997	25371	33868	34051	38614.34	46132	31097	0.674	-0.569	-4.245	2.18240328093877e-05	0.000559116840554144	0.0127	0.0123	0.0129	0.0129	TRUE	0.3182
FBgn0261836	77232	24599	18313	47569	13763	14248	38848	38474	26099	24292	19267	17439	27403.31	34474	20333	0.59	-0.762	-4.229	2.34327943870162e-05	0.000596940507859073	0.0373	0.0123	0.0233	0.0233	TRUE	0.5525
FBgn0032400	1543	309	347	728	173	228	776	483	495	372	242	279	441.16	585	298	0.51	-0.972	-4.195	2.72546210243087e-05	0.000688465468899763	0.0616	0.0204	0.036	0.036	TRUE	1.0041
FBgn0260486	5023	1749	1504	3643	1064	1106	2527	2736	2143	1860	1490	1354	2018.2	2469	1568	0.636	-0.652	-4.186	2.83777206903545e-05	0.000714833198842505	0.0206	0.014	0.0169	0.0169	TRUE	0.3291
FBgn0013763	54626	21918	28900	35135	15878	19126	27477	34281	41187	17942	22228	23410	27754.28	34315	21193	0.618	-0.695	-4.183	2.88248077649462e-05	0.000724072747699958	0.0291	0.0123	0.0199	0.0199	TRUE	0.1227
FBgn0034636	69	22	17	15	1	4	35	34	24	8	1	5	17.88	31	5	0.166	-2.595	-4.174	2.98903707807079e-05	0.000748753788056732	0.0337	0.2159	0.1681	0.1681	TRUE	1.1706
FBgn0038290	2407	679	881	1643	590	684	1211	1062	1256	839	826	837	1005.08	1176	834	0.709	-0.497	-4.156	3.24340693267119e-05	0.000805758780133025	0.0022	0.0158	0.0092	0.0092	TRUE	0.0815
FBgn0038595	342	121	145	175	80	90	172	189	207	89	112	110	146.57	189	104	0.545	-0.875	-4.153	3.28689109843435e-05	0.000812087230840574	0.008	0.037	0.0242	0.0242	TRUE	0.1925
FBgn0033520	67	9	19	8	0	1	34	14	27	4	0	1	13.36	25	2	0.088	-3.511	-4.149	3.33866624671672e-05	0.000821404440451811	0.267	0.2848	0.2819	0.2819	TRUE	0.8411
FBgn0053181	1015	282	287	614	197	211	511	441	409	314	276	258	368.04	454	283	0.623	-0.682	-4.149	3.34281913557124e-05	0.000821404440451811	0.01	0.0221	0.0165	0.0165	TRUE	0.1545
FBgn0015801	1891	618	673	1301	494	591	951	967	959	664	692	723	826.04	959	693	0.722	-0.47	-4.134	3.56114422717263e-05	0.000863290286038785	0	0.0166	0.008	0.008	TRUE	0.0174
FBgn0036746	3998	1306	1175	2706	952	1089	2011	2043	1675	1382	1333	1333	1629.29	1910	1349	0.706	-0.501	-4.132	3.59036103420639e-05	0.000868039565857192	0.005	0.0144	0.0099	0.0099	TRUE	0.1369
FBgn0032899	2712	827	1184	1691	627	877	1364	1293	1687	864	878	1073	1193.29	1448	938	0.648	-0.627	-4.115	3.87240656122533e-05	0.000928759637476863	0.017	0.0152	0.0158	0.0158	TRUE	0.2457
FBgn0020762	2421	893	925	1844	653	795	1218	1397	1318	942	914	973	1126.94	1311	943	0.721	-0.472	-4.105	4.03748257836353e-05	0.000963227986552442	0.0023	0.0154	0.0085	0.0085	TRUE	0.0495
FBgn0011206	848	234	207	472	121	155	427	366	295	241	169	190	281.28	363	200	0.554	-0.852	-4.076	4.57606339756088e-05	0.00108312177740693	0.0305	0.0251	0.0274	0.0274	TRUE	0.1785
FBgn0028473	47812	17236	21092	28728	13543	16307	24050	26958	30060	14670	18959	19960	22442.75	27023	17863	0.661	-0.597	-4.062	4.85519793308009e-05	0.00113725129767575	0.0185	0.0123	0.0155	0.0155	TRUE	0.3
FBgn0022338	2258	711	823	1505	577	726	1136	1112	1173	769	808	889	980.94	1140	822	0.719	-0.475	-4.035	5.45572366880677e-05	0.0012615311806487	0.0021	0.0159	0.0089	0.0089	TRUE	0.0601
FBgn0020386	6509	2429	2309	4992	1859	2038	3274	3799	3291	2549	2602	2494	3001.68	3455	2548	0.738	-0.438	-4.032	5.52379363778909e-05	0.00127400437405581	0.0036	0.0134	0.0081	0.0081	TRUE	0.0911
FBgn0032330	867	340	296	489	209	263	436	532	422	250	293	322	375.66	463	288	0.62	-0.69	-4.024	5.73042685907821e-05	0.00131493611743428	0.0135	0.0219	0.0181	0.0181	TRUE	0.1808
FBgn0052687	744	249	277	483	187	216	374	389	395	247	262	264	321.88	386	258	0.666	-0.586	-4.017	5.90269119791244e-05	0.00134760681576644	0	0.0235	0.0119	0.0119	TRUE	0.0186
FBgn0014906	8213	2657	3129	5929	2378	2688	4131	4156	4459	3028	3329	3290	3732.18	4249	3216	0.757	-0.403	-3.999	6.35252380723005e-05	0.00143576590710778	0.0018	0.0132	0.007	0.007	TRUE	0.0326
FBgn0031313	2823	1250	1407	1906	865	985	1420	1955	2005	973	1211	1206	1461.69	1793	1130	0.63	-0.666	-3.997	6.42068365765047e-05	0.00144572062462339	0.0249	0.0147	0.0192	0.0192	TRUE	0.4129
FBgn0015576	380	135	149	247	88	90	191	211	212	126	123	110	162.35	205	120	0.59	-0.762	-3.991	6.57059684866952e-05	0.00147031370673205	0	0.0346	0.0194	0.0194	TRUE	0.0465
FBgn0026160	4508	1465	1342	3037	1124	1282	2268	2291	1913	1551	1574	1569	1860.84	2157	1565	0.725	-0.465	-3.99	6.6164775514589e-05	0.00147691570690734	0.004	0.0141	0.0092	0.0092	TRUE	0.1167
FBgn0031988	4561	1418	1443	3221	1204	1313	2294	2218	2057	1645	1685	1607	1917.67	2190	1646	0.751	-0.413	-3.976	7.01281875628422e-05	0.00155384765464794	0.0014	0.0141	0.0072	0.0072	TRUE	0.0339
FBgn0039637	6133	2151	2567	4292	1818	2058	3085	3364	3658	2192	2545	2519	2893.9	3369	2419	0.718	-0.479	-3.974	7.06496928319635e-05	0.00156156600480061	0.0064	0.0134	0.0101	0.0101	TRUE	0.0839
FBgn0028331	12587	3840	3990	8094	3165	3940	6331	6006	5686	4133	4431	4823	5235.05	6008	4462	0.742	-0.43	-3.962	7.41840563777922e-05	0.00163168736686568	0.0041	0.0129	0.0083	0.0083	TRUE	0.0609
FBgn0035879	3198	1134	1119	2187	898	1024	1609	1774	1595	1117	1257	1253	1434.06	1659	1209	0.728	-0.458	-3.959	7.52261300328914e-05	0.0016465758267879	0.0034	0.0147	0.0089	0.0089	TRUE	0.0567
FBgn0039804	2142	776	789	1507	575	716	1077	1214	1124	770	805	876	977.75	1138	817	0.718	-0.479	-3.952	7.7556622614496e-05	0.00169347608411023	0.0031	0.0159	0.0094	0.0094	TRUE	0.0478
FBgn0004198	10112	3439	3019	6710	2657	2868	5086	5379	4303	3427	3720	3510	4237.39	4923	3552	0.721	-0.471	-3.935	8.3156299008803e-05	0.0018069963962925	0.0069	0.013	0.0101	0.0101	TRUE	0.1464
FBgn0020414	23966	6208	7322	15973	5258	6398	12055	9710	10435	8157	7361	7831	9258.09	10733	7783	0.725	-0.464	-3.933	8.3957448486692e-05	0.00182001988089661	0.0074	0.0126	0.0099	0.0099	TRUE	0.1428
FBgn0003891	31031	10269	9268	22862	7588	8132	15609	16061	13208	11675	10623	9954	12854.91	14959	10751	0.719	-0.477	-3.93	8.50326612103816e-05	0.00183450846601727	0.0084	0.0125	0.0105	0.0105	TRUE	0.1279
FBgn0051098	404	129	152	244	97	89	203	202	217	125	136	109	165.16	207	123	0.594	-0.75	-3.927	8.59986223958776e-05	0.00185092023094517	0	0.0342	0.0196	0.0196	TRUE	0.0871
FBgn0038874	258	101	103	132	52	73	130	158	147	67	73	89	110.68	145	76	0.527	-0.923	-3.92	8.85484217863728e-05	0.0019001173943708	0.0084	0.0451	0.0295	0.0295	TRUE	0.1857
FBgn0035084	303	125	126	166	74	84	152	196	180	85	104	103	136.44	176	97	0.551	-0.86	-3.912	9.1522878423875e-05	0.00195118987618559	0.0109	0.0389	0.0264	0.0264	TRUE	0.176
FBgn0028542	2059	932	1293	1068	608	742	1036	1458	1843	545	851	908	1106.81	1446	768	0.531	-0.913	-3.905	9.41710674091908e-05	0.00200291199503793	0.0697	0.0155	0.0383	0.0383	TRUE	0.1309
FBgn0027590	1112	351	378	699	279	330	559	549	539	357	391	404	466.41	549	384	0.696	-0.523	-3.904	9.47247861749035e-05	0.00200994852170654	0	0.02	0.0106	0.0106	TRUE	0.05
FBgn0262818	782	264	212	494	146	172	393	413	302	252	204	211	295.93	369	222	0.605	-0.725	-3.895	9.81642530635212e-05	0.00207317385041413	0.0167	0.0245	0.0212	0.0212	TRUE	0.2711
FBgn0038745	3272	1088	1204	2456	945	1042	1646	1702	1716	1254	1323	1275	1485.99	1688	1284	0.761	-0.394	-3.887	0.000101694584306965	0.002133659798481	0	0.0146	0.0067	0.0067	TRUE	0.0081
FBgn0000416	80234	28159	31196	61486	24270	27768	40358	44042	44459	31399	33976	33988	38037.08	42953	33121	0.771	-0.375	-3.876	0.00010604692291971	0.00220861697665115	0.0024	0.0123	0.0067	0.0067	TRUE	0.0343
FBgn0027578	3033	870	1005	2078	796	849	1526	1361	1432	1061	1114	1039	1255.55	1440	1071	0.743	-0.429	-3.862	0.000112407521973485	0.00233569362478546	0.0017	0.0151	0.008	0.008	TRUE	0.0348
FBgn0050269	454	134	143	214	78	124	228	210	204	109	109	152	168.67	214	123	0.572	-0.807	-3.852	0.000117224195933764	0.00242460504341899	0.012	0.0338	0.0249	0.0249	TRUE	0.3804
FBgn0029881	11598	3651	3048	7786	2457	2778	5834	5710	4344	3976	3440	3400	4450.67	5296	3605	0.681	-0.555	-3.85	0.000118032058333923	0.00243572792232337	0.0158	0.013	0.0147	0.0147	TRUE	0.3
FBgn0085334	205	33	58	71	20	20	103	52	83	36	28	24	54.35	79	29	0.375	-1.415	-3.841	0.00012266579913028	0.00252065210266377	0.0668	0.0792	0.0743	0.0743	TRUE	0.1475
FBgn0260745	12767	4635	5282	7855	3752	4345	6422	7249	7528	4011	5252	5318	5963.5	7066	4860	0.688	-0.54	-3.841	0.000122706395328165	0.00252065210266377	0.0145	0.0128	0.0141	0.0141	TRUE	0.2881
FBgn0036196	409	174	186	307	102	106	206	272	265	157	143	130	195.38	248	143	0.586	-0.771	-3.837	0.000124745524487588	0.00255671622688424	0.0141	0.0308	0.0233	0.0233	TRUE	0.2859
FBgn0002609	109	37	34	44	15	12	55	58	48	22	21	15	36.55	54	19	0.367	-1.447	-3.829	0.0001285274990546	0.00261557281750454	0	0.1118	0.0678	0.0678	TRUE	0.1961
FBgn0033502	190	83	88	103	41	52	96	130	125	53	57	64	87.41	117	58	0.497	-1.008	-3.828	0.000129105514416563	0.00261557281750454	0	0.0539	0.0365	0.0365	TRUE	0.3264
FBgn0259110	1581	579	545	1176	415	481	795	906	777	601	581	589	707.97	826	590	0.716	-0.481	-3.828	0.000129103918671018	0.00261557281750454	0.0019	0.0173	0.0098	0.0098	TRUE	0.0794
FBgn0262582	21095	7732	6670	13145	5766	6479	10611	12093	9506	6713	8072	7930	9154.15	10737	7572	0.705	-0.504	-3.827	0.00012975594382556	0.00261776085328612	0.012	0.0126	0.0124	0.0124	TRUE	0.1484
FBgn0086358	3254	1216	1131	2097	922	1041	1637	1902	1612	1071	1291	1274	1464.38	1717	1212	0.705	-0.504	-3.809	0.000139600360915139	0.00280382194817979	0.0084	0.0147	0.0119	0.0119	TRUE	0.1306
FBgn0034225	64	36	47	7	16	6	32	56	67	4	22	7	31.47	52	11	0.201	-2.316	-3.805	0.000141861665815135	0.0028429077829353	0.3684	0.1279	0.2075	0.2075	TRUE	1.2085
FBgn0054056	212	59	63	84	38	39	107	92	90	43	53	48	72.09	96	48	0.488	-1.034	-3.803	0.000143066873547813	0.00285437403905791	0	0.0627	0.0371	0.0371	TRUE	0.1099
FBgn0033079	911	275	293	482	228	243	458	430	418	246	319	297	361.45	435	287	0.654	-0.612	-3.798	0.000145874596807052	0.00290396713908608	0.0079	0.0223	0.0157	0.0157	TRUE	0.2074
FBgn0039776	6979	2558	2976	4576	1946	2524	3511	4001	4241	2337	2724	3089	3317.17	3918	2717	0.693	-0.528	-3.792	0.000149730033780233	0.0029741529617404	0.0136	0.0133	0.0137	0.0137	TRUE	0.1857
FBgn0034398	11476	3536	4548	9107	3037	3653	5773	5531	6482	4651	4252	4471	5193.01	5929	4458	0.752	-0.411	-3.79	0.000150815028612596	0.0029825656316412	0.0042	0.0129	0.0082	0.0082	TRUE	0.0805
FBgn0042094	307	90	91	173	51	53	154	141	130	88	71	65	108.25	142	75	0.534	-0.906	-3.79	0.000150544510086728	0.0029825656316412	0.01	0.0458	0.0307	0.0307	TRUE	0.298
FBgn0005593	67442	25860	34425	40607	20162	24092	33924	40446	49061	20737	28225	29488	33646.95	41144	26150	0.636	-0.654	-3.769	0.000163767402276048	0.00320737985486318	0.0333	0.0123	0.0217	0.0217	TRUE	0.2099
FBgn0011722	25941	10588	11028	16584	8310	8611	13049	16560	15717	8469	11633	10540	12661.24	15109	10214	0.676	-0.565	-3.769	0.000163961201274332	0.00320737985486318	0.0196	0.0125	0.0161	0.0161	TRUE	0.2743
FBgn0036824	6323	2548	3108	4317	1853	2359	3181	3985	4429	2205	2594	2887	3213.52	3865	2562	0.663	-0.593	-3.759	0.000170530387490405	0.00332866457659842	0.0219	0.0133	0.0176	0.0176	TRUE	0.2965
FBgn0032859	8381	2489	2622	6353	1906	2117	4216	3893	3737	3244	2668	2591	3391.52	3949	2834	0.718	-0.477	-3.758	0.000171435540814448	0.00333910519884383	0.0094	0.0133	0.0113	0.0113	TRUE	0.1978
FBgn0031285	6902	2319	2810	4518	2024	2316	3472	3627	4005	2307	2833	2835	3179.82	3701	2658	0.718	-0.478	-3.755	0.000173093282331562	0.00336412762945263	0.0088	0.0133	0.0113	0.0113	TRUE	0.1661
FBgn0032005	8788	3016	3283	6396	2417	3110	4420	4717	4679	3266	3384	3807	4045.48	4605	3486	0.757	-0.402	-3.75	0.000177072416270028	0.00343240666276786	0.0036	0.0131	0.008	0.008	TRUE	0.0788
FBgn0010316	1282	355	315	786	213	231	645	555	449	401	298	283	438.56	550	327	0.597	-0.743	-3.749	0.000177837673349257	0.0034341330583803	0.0317	0.0205	0.0257	0.0257	TRUE	0.2368
FBgn0004650	363	101	114	184	61	91	183	158	162	94	85	111	132.3	168	97	0.574	-0.8	-3.73	0.00019120508017585	0.00365539539563572	0.0036	0.0397	0.0247	0.0247	TRUE	0.1414
FBgn0004652	8162	2427	2012	5441	1454	1579	4106	3796	2867	2779	2035	1933	2919.27	3590	2249	0.627	-0.674	-3.732	0.000190308917624525	0.00365539539563572	0.036	0.0134	0.0231	0.0231	TRUE	0.5212
FBgn0002945	168	65	44	81	20	29	85	102	63	41	28	35	58.96	83	35	0.43	-1.219	-3.729	0.000192126448719409	0.00366299432251931	0.0265	0.074	0.0563	0.0563	TRUE	0.1165
FBgn0037899	6075	2012	2406	4539	1693	2122	3056	3147	3429	2318	2370	2597	2819.48	3211	2428	0.756	-0.403	-3.72	0.000198898177597953	0.00377613424332282	0.0032	0.0135	0.0081	0.0081	TRUE	0.0446
FBgn0038660	3404	1277	1426	2284	983	1213	1712	1997	2032	1166	1376	1485	1628.17	1914	1342	0.701	-0.512	-3.719	0.000200091255150132	0.0037908044935796	0.0105	0.0144	0.013	0.013	TRUE	0.1653
FBgn0033448	1688	611	669	1221	470	580	849	956	953	624	658	710	791.59	919	664	0.722	-0.469	-3.705	0.000211759792086866	0.00400345871077433	0.0037	0.0168	0.0102	0.0102	TRUE	0.0579
FBgn0035802	220	94	87	121	55	51	111	147	124	62	77	62	97.15	127	67	0.527	-0.923	-3.699	0.000216651587827738	0.00405345232164014	0.0102	0.0497	0.0329	0.0329	TRUE	0.1695
FBgn0270926	1721	511	578	1244	439	469	866	799	824	635	615	574	718.76	830	608	0.733	-0.449	-3.699	0.000216245139186928	0.00405345232164014	0	0.0173	0.0091	0.0091	TRUE	0.0276
FBgn0086708	585	208	200	327	151	165	294	325	285	167	211	202	247.49	301	193	0.637	-0.651	-3.694	0.000220711567891692	0.00411234900670925	0.0067	0.0269	0.0179	0.0179	TRUE	0.1878
FBgn0030752	8094	2838	3199	6419	2456	2788	4071	4439	4559	3278	3438	3412	3866.31	4356	3376	0.775	-0.367	-3.68	0.000232948330188633	0.00433139802400225	0.002	0.0131	0.0069	0.0069	TRUE	0.041
FBgn0038912	1221	431	462	910	348	372	614	674	658	465	487	455	558.98	649	469	0.724	-0.466	-3.674	0.000239159683869569	0.00442862839658269	0	0.0187	0.0096	0.0096	TRUE	0.0289
FBgn0035496	663	159	209	393	115	148	333	249	298	201	161	181	237.15	293	181	0.617	-0.697	-3.665	0.000247779420193156	0.00456947814172163	0.0134	0.0275	0.0214	0.0214	TRUE	0.1778
FBgn0039026	6792	2435	2156	4600	1881	2113	3416	3808	3073	2349	2633	2586	2977.69	3432	2523	0.735	-0.445	-3.661	0.000251346435644476	0.00461637913776352	0.0071	0.0134	0.0103	0.0103	TRUE	0.1092
FBgn0085261	412	152	147	211	84	129	207	238	209	108	118	158	172.95	218	128	0.582	-0.78	-3.655	0.000256822972600049	0.00468831896135069	0.0154	0.0332	0.0262	0.0262	TRUE	0.4167
FBgn0050085	5078	1767	1986	3760	1591	1617	2554	2764	2830	1920	2227	1979	2379.15	2716	2042	0.752	-0.412	-3.653	0.000259247817645197	0.0047135016522669	0.0039	0.0137	0.0087	0.0087	TRUE	0.0747
FBgn0038088	526	178	194	372	116	146	265	278	276	190	162	179	225.09	273	177	0.653	-0.614	-3.648	0.000264764663706641	0.00480412019578771	0	0.0284	0.0156	0.0156	TRUE	0.0522
FBgn0265042	2124	808	842	1505	623	736	1068	1264	1200	769	872	901	1012.28	1177	847	0.72	-0.475	-3.636	0.000277243349949903	0.00501038182334314	0.0066	0.0158	0.0112	0.0112	TRUE	0.0843
FBgn0037705	1133	384	333	780	265	235	570	601	475	398	371	288	450.34	549	352	0.644	-0.634	-3.628	0.00028522665928842	0.00514434802692594	0.0185	0.0203	0.0195	0.0195	TRUE	0.2861
FBgn0027594	14362	6151	5855	9425	4469	5039	7224	9621	8344	4813	6256	6168	7071	8396	5746	0.684	-0.547	-3.624	0.000290103545387315	0.00522186381697168	0.0199	0.0127	0.0163	0.0163	TRUE	0.1945
FBgn0032156	3446	1013	1088	2513	870	971	1733	1584	1551	1283	1218	1188	1426.34	1623	1230	0.757	-0.401	-3.62	0.000294112325215662	0.0052729720651985	0.0022	0.0147	0.0081	0.0081	TRUE	0.0452
FBgn0025628	7002	2617	3164	4893	2108	2544	3522	4093	4509	2499	2951	3114	3447.99	4041	2855	0.706	-0.502	-3.614	0.000301497692646463	0.00537361599989196	0.0133	0.0132	0.0136	0.0136	TRUE	0.1565
FBgn0030054	6161	2004	1825	4169	1544	1874	3099	3134	2601	2129	2161	2294	2569.75	2945	2195	0.745	-0.425	-3.614	0.000301513605671472	0.00537361599989196	0.0053	0.0136	0.0095	0.0095	TRUE	0.1249
FBgn0035262	713	302	286	554	198	202	359	472	408	283	277	247	340.99	413	269	0.657	-0.606	-3.61	0.000306124449205982	0.00544503014386499	0.0101	0.0229	0.017	0.017	TRUE	0.1763
FBgn0033363	187	100	99	132	43	53	94	156	141	67	60	65	97.34	130	64	0.501	-0.997	-3.608	0.000308956806045792	0.00547381626114136	0.0342	0.0496	0.0428	0.0428	TRUE	0.7522
FBgn0033033	4261	1343	1286	3043	1084	1247	2143	2101	1833	1554	1518	1526	1779.06	2026	1533	0.756	-0.403	-3.603	0.000314502380526813	0.0055611420933153	0.0031	0.0142	0.0084	0.0084	TRUE	0.0824
FBgn0265048	20979	6561	7041	14088	6090	6559	10553	10262	10035	7194	8525	8028	9099.47	10283	7916	0.769	-0.378	-3.59	0.000331195302416449	0.00582206478984704	0.0038	0.0126	0.0079	0.0079	TRUE	0.0785
FBgn0028397	1108	328	255	684	174	195	557	513	363	349	244	239	377.55	478	277	0.582	-0.78	-3.56	0.000370474871611855	0.0063636997946585	0.0437	0.0218	0.0315	0.0315	TRUE	0.6316
FBgn0033356	2735	618	828	1618	565	666	1376	967	1180	826	791	815	992.46	1174	811	0.689	-0.538	-3.551	0.000383920404493073	0.00658211826562458	0.0139	0.0159	0.0154	0.0154	TRUE	0.1453
FBgn0003366	53	16	22	13	5	7	27	25	31	7	7	9	17.54	28	8	0.264	-1.92	-3.549	0.00038632962546227	0.00661085495715134	0	0.2199	0.1251	0.1251	TRUE	0.0654
FBgn0033402	2571	795	870	1723	648	847	1293	1243	1240	880	907	1037	1100.05	1259	941	0.746	-0.423	-3.541	0.00039892758678392	0.00680062188585519	0.0029	0.0155	0.0093	0.0093	TRUE	0.0927
FBgn0000286	1208	391	348	740	288	343	608	612	496	378	403	420	486.01	572	400	0.697	-0.52	-3.525	0.000422929674837259	0.00718263617265988	0.0061	0.0197	0.0134	0.0134	TRUE	0.1492
FBgn0003507	12785	4190	4031	8089	3660	3817	6431	6553	5745	4131	5124	4672	5442.6	6243	4642	0.743	-0.429	-3.525	0.000424249076599018	0.00719150032475553	0.0079	0.0129	0.0105	0.0105	TRUE	0.1147
FBgn0003557	5748	2058	2000	4477	1704	1861	2891	3219	2850	2286	2385	2278	2651.67	2987	2316	0.776	-0.366	-3.521	0.00042998661505132	0.00727508310418912	0.0022	0.0136	0.0074	0.0074	TRUE	0.0548
FBgn0039467	11078	3552	4084	9239	3060	3598	5572	5556	5820	4718	4284	4404	5058.99	5649	4469	0.791	-0.337	-3.516	0.000438224146002797	0.00738673896944527	0.0013	0.0129	0.0064	0.0064	TRUE	0.0296
FBgn0010300	11918	4228	3672	8598	3265	3626	5995	6613	5233	4391	4571	4438	5206.75	5947	4467	0.751	-0.413	-3.511	0.000445954903723562	0.00750302485406545	0.0067	0.0129	0.0098	0.0098	TRUE	0.133
FBgn0041342	7518	2852	3106	4756	2289	2660	3782	4461	4427	2429	3204	3256	3592.97	4223	2963	0.701	-0.512	-3.509	0.000450579476286269	0.00756671455707556	0.0159	0.0132	0.015	0.015	TRUE	0.3078
FBgn0010549	861	296	331	645	233	262	433	463	472	329	326	321	390.67	456	325	0.716	-0.482	-3.502	0.000462244463141769	0.00774817949556221	0	0.0215	0.0108	0.0108	TRUE	0.0257
FBgn0035132	3314	1014	1092	2572	853	945	1667	1586	1556	1313	1194	1157	1412.24	1603	1221	0.763	-0.391	-3.496	0.000472932674674385	0.00788196878995727	0.0024	0.0148	0.0082	0.0082	TRUE	0.0552
FBgn0263106	4572	1579	1650	3770	1295	1509	2300	2470	2352	1925	1813	1847	2117.67	2374	1862	0.785	-0.348	-3.495	0.000473722231554318	0.00788196878995727	8e-04	0.0139	0.0066	0.0066	TRUE	0.0149
FBgn0024150	4311	1829	1699	2931	1348	1490	2168	2861	2421	1497	1887	1824	2109.68	2483	1736	0.699	-0.517	-3.483	0.000495389886555717	0.00815223722072893	0.0165	0.0139	0.0153	0.0153	TRUE	0.2123
FBgn0020376	85	34	41	40	9	20	43	53	58	20	13	24	35.31	51	19	0.382	-1.39	-3.476	0.000509152610400251	0.0083191082886352	0.0168	0.1153	0.0789	0.0789	TRUE	0.3084
FBgn0003862	9642	3143	2534	6792	2154	2255	4850	4916	3611	3468	3015	2760	3770.19	4459	3081	0.691	-0.533	-3.474	0.000513512904412571	0.00837406758045673	0.0199	0.0131	0.0167	0.0167	TRUE	0.3346
FBgn0284231	666	212	211	429	171	160	335	332	301	219	239	196	270.27	323	218	0.675	-0.568	-3.467	0.000526362995256828	0.00855268737157851	9e-04	0.0257	0.0153	0.0153	TRUE	0.0767
FBgn0023129	742	269	323	544	214	233	373	421	460	278	300	285	352.81	418	288	0.69	-0.536	-3.465	0.000529555048902523	0.00858907811331465	0.0051	0.0225	0.0141	0.0141	TRUE	0.1169
FBgn0086687	17904	6035	6774	13854	5396	6329	9006	9439	9654	7075	7554	7747	8412.39	9366	7459	0.796	-0.329	-3.461	0.000538778371559241	0.00869177702096822	0.0015	0.0126	0.0064	0.0064	TRUE	0.0251
FBgn0243512	5771	1553	1442	3706	1157	1344	2903	2429	2055	1893	1620	1645	2090.7	2462	1719	0.698	-0.519	-3.433	0.000596453637127742	0.00953691294258506	0.018	0.0139	0.0159	0.0159	TRUE	0.1875
FBgn0031952	994	343	329	735	240	297	500	536	469	375	336	364	430.03	502	358	0.717	-0.481	-3.432	0.000599632540591075	0.00956128912439991	9e-04	0.0207	0.0116	0.0116	TRUE	0.0376
FBgn0041188	12642	4082	3653	8462	3317	3739	6359	6384	5206	4321	4644	4577	5248.48	5983	4514	0.754	-0.407	-3.432	0.000600098652074778	0.00956128912439991	0.0067	0.0129	0.0099	0.0099	TRUE	0.1564
FBgn0267912	5532	1834	1720	4117	1471	1715	2783	2868	2451	2102	2059	2099	2393.87	2701	2087	0.773	-0.372	-3.429	0.00060525975813893	0.00961746699895341	0.0028	0.0137	0.008	0.008	TRUE	0.0776
FBgn0052529	23009	8087	7389	15813	6629	7409	11574	12649	10531	8075	9280	9069	10196.08	11585	8808	0.76	-0.396	-3.412	0.000644094827665901	0.0101724118316832	0.0067	0.0125	0.0096	0.0096	TRUE	0.0784
FBgn0035903	272	86	89	163	54	62	137	135	127	83	76	76	105.48	133	78	0.592	-0.757	-3.406	0.000659245526787591	0.0103934897912072	0	0.0467	0.0251	0.0251	TRUE	0.0388
FBgn0035766	3547	1169	1255	2801	1049	1065	1784	1828	1789	1430	1469	1304	1600.59	1800	1401	0.778	-0.361	-3.401	0.000672321881804962	0.0105627155576954	0.001	0.0145	0.0075	0.0075	TRUE	0.043
FBgn0029114	3069	1021	943	2354	774	858	1544	1597	1344	1202	1084	1050	1303.4	1495	1112	0.745	-0.425	-3.398	0.00067792320375013	0.0106321938285542	0.0054	0.015	0.0104	0.0104	TRUE	0.0911
FBgn0265523	55688	19414	16077	37019	15032	16419	28012	30365	22912	18904	21043	20097	23555.5	27096	20015	0.739	-0.437	-3.381	0.000723284944898149	0.0112652567065484	0.0113	0.0123	0.012	0.012	TRUE	0.2229
FBgn0034970	2876	919	977	2002	832	911	1447	1437	1392	1022	1165	1115	1263.09	1425	1101	0.77	-0.377	-3.379	0.00072850653256677	0.0113075248032481	0.0018	0.0151	0.0081	0.0081	TRUE	0.0496
FBgn0037917	1613	446	566	1146	374	481	811	698	807	585	524	589	668.85	772	566	0.733	-0.448	-3.379	0.000727351296795422	0.0113075248032481	0.0037	0.0176	0.0111	0.0111	TRUE	0.079
FBgn0034219	2174	786	998	1853	632	721	1094	1229	1422	946	885	882	1076.45	1248	904	0.727	-0.46	-3.376	0.000734415098564671	0.0113601292604738	0.009	0.0156	0.0123	0.0123	TRUE	0.1777
FBgn0086450	10857	4890	4941	7203	3612	3991	5461	7648	7042	3678	5056	4885	5628.48	6717	4540	0.676	-0.565	-3.377	0.000733808142296103	0.0113601292604738	0.0275	0.0128	0.02	0.02	TRUE	0.339
FBgn0052251	2946	941	813	2165	607	722	1482	1472	1159	1106	850	884	1158.56	1371	947	0.692	-0.532	-3.372	0.000745162221051971	0.011506631694258	0.0184	0.0153	0.017	0.017	TRUE	0.2685
FBgn0266417	253	86	102	157	40	73	127	135	145	80	56	89	105.44	136	75	0.561	-0.835	-3.372	0.000747198029294454	0.0115183450054314	0.0081	0.0467	0.0334	0.0334	TRUE	0.3566
FBgn0052813	385	129	144	216	102	106	194	202	205	110	143	130	163.91	200	128	0.632	-0.663	-3.368	0.000758139686096325	0.0116471953819705	0	0.0344	0.0212	0.0212	TRUE	0.1829
FBgn0062978	72	22	20	26	6	7	36	34	29	13	8	9	21.56	33	10	0.316	-1.661	-3.365	0.00076446851542585	0.0117244508029087	0	0.1811	0.1125	0.1125	TRUE	0.4965
FBgn0032482	8308	2578	3093	6804	2294	2738	4179	4032	4408	3475	3211	3351	3776.07	4206	3346	0.796	-0.33	-3.353	0.000799167179586562	0.0121738000430939	0.0014	0.0131	0.0067	0.0067	TRUE	0.021
FBgn0038256	2244	772	948	1422	685	755	1129	1207	1351	726	959	924	1049.41	1229	870	0.706	-0.502	-3.351	0.000806566133159791	0.0122451403852441	0.0145	0.0157	0.0151	0.0151	TRUE	0.2629
FBgn0033128	1068	300	390	806	235	275	537	469	556	412	329	337	439.9	521	359	0.693	-0.53	-3.349	0.000812389780546355	0.0123128252789362	0.0096	0.0205	0.0155	0.0155	TRUE	0.2072
FBgn0000535	636	233	176	437	136	135	320	364	251	223	190	165	252.33	312	193	0.623	-0.683	-3.345	0.000823770248273035	0.012464362582091	0.0241	0.0266	0.0256	0.0256	TRUE	0.2103
FBgn0027585	126	54	45	57	29	25	63	84	64	29	41	31	52.05	70	34	0.47	-1.09	-3.342	0.000831503794422817	0.0125392996958277	0	0.0822	0.0537	0.0537	TRUE	0.2147
FBgn0051005	764	218	233	496	177	196	384	341	332	253	248	240	299.72	352	247	0.698	-0.518	-3.342	0.000830774920536507	0.0125392996958277	0	0.0243	0.0137	0.0137	TRUE	0.0819
FBgn0032698	1023	291	293	613	226	286	515	455	418	313	316	350	394.46	463	326	0.702	-0.511	-3.341	0.000834397625584056	0.0125619328673072	0.006	0.0214	0.0141	0.0141	TRUE	0.1258
FBgn0031261	5260	2200	2627	2825	1630	1985	2646	3441	3744	1443	2282	2430	2664.13	3277	2052	0.626	-0.677	-3.333	0.000860154243529658	0.0128212743275214	0.0481	0.0136	0.0293	0.0293	TRUE	0.83
FBgn0027552	2688	641	841	1443	603	752	1352	1003	1199	737	844	920	1009.11	1185	834	0.701	-0.513	-3.316	0.000914748010169882	0.0135901112944185	0.0155	0.0158	0.0161	0.0161	TRUE	0.1837
FBgn0031126	926	296	280	653	211	255	466	463	399	333	295	312	378.13	443	313	0.71	-0.495	-3.312	0.000927128409828782	0.0137513881576249	0.0032	0.0218	0.0132	0.0132	TRUE	0.0805
FBgn0028490	18231	6524	6656	11208	5303	6406	9170	10204	9486	5724	7424	7841	8308.05	9620	6996	0.727	-0.46	-3.311	0.000929902832885707	0.0137698912101204	0.0142	0.0126	0.0138	0.0138	TRUE	0.3117
FBgn0034804	82	30	40	38	14	17	41	47	57	19	20	21	34.16	48	20	0.415	-1.268	-3.304	0.000954418518568321	0.0140866549925518	0	0.1188	0.0699	0.0699	TRUE	0.1941
FBgn0004865	166	56	54	93	29	33	83	88	77	47	41	40	62.75	83	43	0.524	-0.933	-3.301	0.000961939431280828	0.0141431696810433	0	0.0702	0.0394	0.0394	TRUE	0.102
FBgn0033174	1131	350	395	783	295	359	569	547	563	400	413	439	488.58	560	417	0.744	-0.428	-3.299	0.000970491223229559	0.0142307152050149	0	0.0196	0.0099	0.0099	TRUE	0.0242
FBgn0270927	2026	632	709	1608	537	610	1019	988	1010	821	752	747	889.59	1006	773	0.77	-0.377	-3.294	0.000987575738676066	0.0144577240444493	0	0.0163	0.0082	0.0082	TRUE	0.038
FBgn0025681	7080	2839	2792	4700	2253	2496	3561	4440	3979	2400	3154	3055	3431.65	3993	2870	0.718	-0.477	-3.293	0.000992384056927585	0.0144810993938074	0.0158	0.0132	0.0148	0.0148	TRUE	0.2535
FBgn0036059	2079	561	627	1517	395	497	1046	877	894	775	553	608	792.12	939	645	0.689	-0.538	-3.292	0.000996087598793171	0.0145116606880724	0.0189	0.0168	0.0178	0.0178	TRUE	0.3812
FBgn0000078	158	31	75	56	32	23	79	48	107	29	45	28	56.07	78	34	0.425	-1.236	-3.283	0.00102631557805938	0.0149279256176444	0.0846	0.0772	0.0799	0.0799	TRUE	0.1002
FBgn0000395	1231	441	351	869	296	327	619	690	500	444	414	400	511.26	603	419	0.697	-0.521	-3.282	0.00102913355875194	0.0149406795527324	0.0118	0.0193	0.016	0.016	TRUE	0.2451
FBgn0020416	19557	5467	7207	15670	4835	5707	9837	8551	10271	8002	6769	6985	8402.54	9553	7252	0.759	-0.397	-3.274	0.00106173994402837	0.0152951610467217	0.0083	0.0126	0.0105	0.0105	TRUE	0.1022
FBgn0010768	770	243	245	459	185	237	387	380	349	234	259	290	316.67	372	261	0.697	-0.521	-3.262	0.00110808519674486	0.0157862753621566	0.0046	0.0237	0.0149	0.0149	TRUE	0.1071
FBgn0029870	5147	1788	1884	3860	1554	1809	2589	2797	2685	1971	2175	2214	2405.23	2690	2120	0.788	-0.344	-3.257	0.00112552386276225	0.0160094230195426	0.0024	0.0137	0.0076	0.0076	TRUE	0.0477
FBgn0036454	1770	689	613	1250	498	604	890	1078	874	638	697	739	819.39	947	691	0.73	-0.454	-3.255	0.00113302931666545	0.0160908005947858	0.008	0.0166	0.0127	0.0127	TRUE	0.1656
FBgn0015795	5712	1379	1632	3918	1143	1317	2873	2157	2326	2001	1600	1612	2094.79	2452	1738	0.709	-0.497	-3.249	0.0011567046669486	0.016347055088277	0.0195	0.0139	0.0163	0.0163	TRUE	0.2788
FBgn0264090	82	26	24	29	13	9	41	41	34	15	18	11	26.69	39	15	0.376	-1.411	-3.249	0.00115832426274218	0.016347055088277	0	0.1487	0.0882	0.0882	TRUE	0.1507
FBgn0028394	346	110	141	242	67	98	174	172	201	124	94	120	147.39	182	113	0.624	-0.681	-3.248	0.00116395748998978	0.016382871795647	0.0051	0.0369	0.0242	0.0242	TRUE	0.1773
FBgn0029608	1404	459	578	897	387	491	706	718	824	458	542	601	641.45	749	534	0.71	-0.494	-3.244	0.0011767677319925	0.0165040301821281	0.0116	0.0179	0.0149	0.0149	TRUE	0.1972
FBgn0261553	3118	1097	1045	2300	908	1025	1568	1716	1489	1175	1271	1255	1412.28	1591	1234	0.775	-0.368	-3.245	0.00117637333027897	0.0165040301821281	0.0024	0.0148	0.0085	0.0085	TRUE	0.0539
FBgn0033362	235	117	123	148	76	67	118	183	175	76	106	82	123.41	159	88	0.555	-0.85	-3.235	0.00121785027681299	0.0170008882295659	0.0384	0.0417	0.0403	0.0403	TRUE	0.6346
FBgn0004606	41331	13046	10828	26391	10232	11481	20790	20405	15432	13477	14324	14053	16413.29	18876	13951	0.739	-0.436	-3.23	0.00123942820880625	0.01727536875891	0.0129	0.0124	0.0131	0.0131	TRUE	0.3111
FBgn0014033	14234	3848	4580	10256	3714	4183	7160	6018	6527	5237	5199	5120	5877.03	6568	5185	0.789	-0.342	-3.228	0.001246106868312	0.0173149333411982	0.0036	0.0128	0.0079	0.0079	TRUE	0.0766
FBgn0037539	1344	425	442	891	350	433	676	665	630	455	490	530	574.28	657	492	0.745	-0.424	-3.228	0.00124847238094789	0.017321113740597	0.0023	0.0185	0.0105	0.0105	TRUE	0.0562
FBgn0053503	737	228	287	576	183	182	371	357	409	294	256	223	318.24	379	258	0.685	-0.545	-3.225	0.00125834090240477	0.0174312108416071	0.009	0.0236	0.0171	0.0171	TRUE	0.1962
FBgn0002773	100	31	56	48	13	26	50	48	80	25	18	32	42.19	59	25	0.422	-1.245	-3.224	0.00126605878121586	0.0175112240628906	0.0435	0.0985	0.0782	0.0782	TRUE	0.6508
FBgn0031055	5846	2340	2783	3792	1800	2286	2941	3660	3966	1936	2520	2798	2970.17	3522	2418	0.686	-0.543	-3.222	0.00127457316511841	0.0176019920414056	0.0272	0.0134	0.0201	0.0201	TRUE	0.375
FBgn0036257	2472	746	819	1771	647	804	1243	1167	1167	904	906	984	1061.94	1192	931	0.779	-0.359	-3.208	0.0013346379583133	0.0183192771812319	0.0011	0.0156	0.008	0.008	TRUE	0.0284
FBgn0029095	8052	3389	3630	5654	2565	3141	4050	5301	5173	2887	3591	3845	4141.13	4841	3441	0.711	-0.493	-3.197	0.00138776784785543	0.0188477265842775	0.0201	0.0131	0.0168	0.0168	TRUE	0.252
FBgn0034894	1204	464	397	882	315	391	606	726	566	450	441	479	544.52	633	457	0.723	-0.467	-3.196	0.00139558181129949	0.0188969320935418	0.0068	0.0189	0.0134	0.0134	TRUE	0.1824
FBgn0266377	14177	5070	4667	9347	4217	4670	7131	7930	6651	4773	5903	5716	6350.8	7237	5464	0.755	-0.406	-3.194	0.00140518677539368	0.0189700214678146	0.0099	0.0128	0.0115	0.0115	TRUE	0.151
FBgn0033649	1764	506	415	1173	305	357	887	791	591	599	427	437	622.19	756	488	0.646	-0.631	-3.19	0.00142043626472038	0.0191472260616567	0.037	0.018	0.0264	0.0264	TRUE	0.4203
FBgn0010222	1087	420	496	725	318	408	547	657	707	370	445	499	537.56	637	438	0.688	-0.54	-3.173	0.0015096445865478	0.0202287888283626	0.0186	0.019	0.0188	0.0188	TRUE	0.2357
FBgn0029768	823	79	232	161	60	21	414	124	331	82	84	26	176.68	290	64	0.221	-2.177	-3.166	0.00154663396864863	0.0206630298211457	0.3306	0.0328	0.1278	0.3306	TRUE	0.2833
FBgn0003575	2071	711	716	1482	623	668	1042	1112	1020	757	872	818	936.79	1058	816	0.769	-0.378	-3.153	0.00161586905982557	0.021429275266922	0.0025	0.0161	0.0092	0.0092	TRUE	0.0509
FBgn0000139	1524	416	551	1055	384	468	767	651	785	539	538	573	641.94	734	550	0.747	-0.421	-3.15	0.00163355581183653	0.0216003025090056	0.0036	0.0179	0.0112	0.0112	TRUE	0.1089
FBgn0250869	1066	338	364	809	288	296	536	529	519	413	403	362	460.37	528	393	0.745	-0.424	-3.149	0.00163838642907378	0.0216324580049595	0	0.0201	0.0107	0.0107	TRUE	0.0514
FBgn0032785	574	156	169	383	102	133	289	244	241	196	143	163	212.46	258	167	0.651	-0.62	-3.147	0.00165051439751497	0.0217607292935527	0.0143	0.0293	0.0228	0.0228	TRUE	0.2755
FBgn0037718	5905	1692	2072	4251	1654	1905	2970	2646	2953	2171	2315	2332	2564.6	2856	2273	0.795	-0.332	-3.141	0.00168298422342293	0.0221564258785811	0.0022	0.0136	0.0076	0.0076	TRUE	0.0492
FBgn0266758	9357	3047	3401	7504	2827	3263	4707	4766	4847	3832	3958	3994	4350.46	4773	3928	0.823	-0.281	-3.137	0.00170441449543632	0.0224058453642052	0	0.013	0.0055	0.0055	TRUE	0.0057
FBgn0016754	2107	693	636	1448	570	641	1060	1084	906	739	798	785	895.35	1017	774	0.76	-0.397	-3.136	0.00171169124668135	0.0224687506005421	0.0041	0.0163	0.0103	0.0103	TRUE	0.1032
FBgn0086370	2763	905	969	2007	818	927	1390	1415	1381	1025	1145	1135	1248.49	1395	1102	0.788	-0.344	-3.127	0.00176788443551279	0.0230720431830019	0.0015	0.0151	0.0078	0.0078	TRUE	0.0476
FBgn0037445	3539	1085	993	2610	854	855	1780	1697	1415	1333	1196	1047	1411.2	1631	1192	0.731	-0.452	-3.125	0.00177734811032029	0.0230952813528363	0.013	0.0148	0.0143	0.0143	TRUE	0.1591
FBgn0025366	16636	4162	5743	12043	3682	4823	8368	6510	8185	6150	5154	5903	6711.68	7688	5736	0.746	-0.423	-3.122	0.0017943408090507	0.0232157323041883	0.0127	0.0127	0.013	0.013	TRUE	0.2181
FBgn0041183	361	115	127	244	82	97	182	180	181	125	115	119	150.1	181	120	0.663	-0.594	-3.123	0.00179306052889008	0.0232157323041883	0	0.0365	0.0188	0.0188	TRUE	0.0187
FBgn0031012	2095	719	809	1457	611	751	1054	1125	1153	744	855	919	974.99	1111	839	0.755	-0.406	-3.122	0.00179832853128006	0.0232339923998332	0.0061	0.0159	0.011	0.011	TRUE	0.127
FBgn0260936	6205	2023	1989	4396	1801	2012	3121	3164	2835	2245	2521	2463	2724.78	3040	2410	0.792	-0.337	-3.107	0.00188790186514943	0.0242868744934631	0.003	0.0135	0.0081	0.0081	TRUE	0.0448
FBgn0015903	1419	435	416	997	345	406	714	680	593	509	483	497	579.34	662	496	0.748	-0.418	-3.103	0.00191507558799577	0.0245663608144322	0.0036	0.0185	0.0112	0.0112	TRUE	0.0961
FBgn0025683	9358	3031	3454	7808	2795	3233	4707	4741	4923	3987	3913	3957	4371.25	4790	3952	0.825	-0.277	-3.091	0.0019923392380475	0.0254488884542668	0	0.013	0.0055	0.0055	TRUE	0.0071
FBgn0031170	2294	759	706	1733	629	642	1154	1187	1006	885	881	786	983.09	1116	851	0.762	-0.391	-3.09	0.00199857298466018	0.0254924061890602	0.0043	0.0159	0.0104	0.0104	TRUE	0.0849
FBgn0263995	1556	428	357	960	306	335	783	669	509	490	428	410	548.26	654	443	0.677	-0.563	-3.085	0.00203674744503562	0.025942639066852	0.0262	0.0188	0.022	0.022	TRUE	0.2091
FBgn0003093	4813	1358	1406	3455	1152	1393	2421	2124	2004	1764	1613	1705	1938.47	2183	1694	0.775	-0.367	-3.083	0.00204830957701248	0.026053111093792	0.0051	0.0141	0.0096	0.0096	TRUE	0.114
FBgn0033483	10407	3313	3792	8276	3074	3667	5235	5182	5404	4226	4303	4488	4806.45	5274	4339	0.823	-0.282	-3.082	0.00205548673615832	0.0261075766009517	4e-04	0.0129	0.0058	0.0058	TRUE	0.011
FBgn0033224	3208	1225	1176	2460	1003	1113	1614	1916	1676	1256	1404	1362	1538.04	1735	1341	0.773	-0.372	-3.078	0.00208479298252406	0.0263683914676044	0.0049	0.0146	0.0098	0.0098	TRUE	0.0981
FBgn0037074	6203	2041	2076	4897	1841	2025	3120	3192	2959	2501	2577	2479	2804.6	3090	2519	0.815	-0.295	-3.075	0.00210448692239348	0.0265430252673348	4e-04	0.0135	0.0063	0.0063	TRUE	0.0165
FBgn0036801	82	34	32	35	15	19	41	53	46	18	21	23	33.69	47	21	0.441	-1.18	-3.068	0.00215758122207064	0.0271746752243478	0	0.1203	0.0706	0.0706	TRUE	0.1407
FBgn0038145	14687	4220	4847	10273	3972	4856	7388	6600	6908	5246	5560	5944	6274.33	6965	5583	0.801	-0.32	-3.062	0.00219588508783275	0.0275800720363172	0.0033	0.0128	0.0077	0.0077	TRUE	0.0389
FBgn0266450	3001	1181	1002	2201	893	992	1510	1847	1428	1124	1250	1214	1395.5	1595	1196	0.75	-0.415	-3.06	0.00221143540550696	0.0276982284539747	0.0101	0.0148	0.0125	0.0125	TRUE	0.2239
FBgn0036155	186	75	73	88	45	56	94	117	104	45	63	69	81.9	105	59	0.554	-0.852	-3.059	0.00221929843209304	0.0277197136573615	0.0214	0.0567	0.0419	0.0419	TRUE	0.522
FBgn0035312	428	177	210	325	122	150	215	277	299	166	171	184	218.63	264	174	0.662	-0.595	-3.059	0.00222275156809673	0.0277244448701194	0.0143	0.0288	0.0222	0.0222	TRUE	0.3397
FBgn0027525	6448	2397	2854	4578	2008	2483	3243	3749	4067	2338	2811	3039	3207.98	3686	2729	0.74	-0.434	-3.056	0.0022431644412173	0.0278634392987571	0.0145	0.0133	0.0142	0.0142	TRUE	0.1951
FBgn0010053	442	114	176	298	82	119	222	178	251	152	115	146	177.35	217	138	0.637	-0.651	-3.051	0.0022778730185647	0.0281781328963189	0.0171	0.0327	0.0266	0.0266	TRUE	0.2005
FBgn0259736	559	200	184	366	145	173	281	313	262	187	203	212	242.98	285	201	0.701	-0.513	-3.044	0.00233691660450676	0.028868923204715	0	0.0272	0.016	0.016	TRUE	0.068
FBgn0037363	3718	1290	1229	2955	1017	1254	1870	2018	1752	1509	1424	1535	1684.49	1880	1489	0.793	-0.335	-3.029	0.00245306138626692	0.0302622538732628	0.0024	0.0143	0.0082	0.0082	TRUE	0.0474
FBgn0086757	1472	449	441	1081	344	427	740	702	628	552	482	523	604.57	690	519	0.752	-0.412	-3.026	0.00247791359946225	0.0304854363437252	0.0044	0.0182	0.0115	0.0115	TRUE	0.0708
FBgn0051637	4968	2052	2109	3955	1659	1847	2499	3209	3006	2020	2322	2261	2552.82	2905	2201	0.758	-0.4	-3.017	0.00254993884949559	0.0312978391555365	0.01	0.0136	0.0122	0.0122	TRUE	0.1858
FBgn0032601	433	187	207	366	101	152	218	292	295	187	141	186	219.94	268	171	0.648	-0.627	-3.016	0.00256041773501563	0.0313295076450081	0.0224	0.0287	0.026	0.026	TRUE	0.3512
FBgn0283531	70	31	28	36	12	13	35	48	40	18	17	16	29.12	41	17	0.423	-1.243	-3.016	0.00255986989263361	0.0313295076450081	0	0.1373	0.0803	0.0803	TRUE	0.1778
FBgn0004861	1922	597	518	1182	480	549	967	934	738	604	672	672	764.38	880	649	0.735	-0.444	-3.014	0.00257680891441965	0.0314873479542499	0.011	0.0169	0.0142	0.0142	TRUE	0.2285
FBgn0027561	4348	1842	1790	2940	1407	1643	2187	2881	2551	1501	1970	2011	2183.53	2540	1827	0.719	-0.475	-3.01	0.00261428063185286	0.0317407503676132	0.0206	0.0139	0.0175	0.0175	TRUE	0.2622
FBgn0034083	3943	1441	1442	3414	1194	1271	1983	2254	2055	1743	1671	1556	1877.14	2097	1657	0.791	-0.337	-3.008	0.00262661074487726	0.0318370641092784	0.0031	0.0141	0.0085	0.0085	TRUE	0.0506
FBgn0040505	110	42	39	66	20	17	55	66	56	34	28	21	43.19	59	28	0.48	-1.06	-3.008	0.00263060584059258	0.0318426892220992	0	0.0965	0.0624	0.0624	TRUE	0.3886
FBgn0011236	4421	1605	1524	3237	1257	1600	2224	2510	2172	1653	1760	1958	2046.19	2302	1790	0.777	-0.363	-2.996	0.00273155963922664	0.0329898727160565	0.0061	0.014	0.01	0.01	TRUE	0.0813
FBgn0005694	2018	671	615	1483	533	629	1015	1049	876	757	746	770	869.06	980	758	0.772	-0.372	-2.994	0.00275416244784504	0.0332045948591799	0.0027	0.0164	0.0099	0.0099	TRUE	0.0978
FBgn0036770	4738	1457	1550	3869	1274	1336	2383	2279	2209	1976	1783	1635	2044.27	2290	1798	0.786	-0.348	-2.985	0.00283886221810112	0.0340890272740824	0.0045	0.014	0.0093	0.0093	TRUE	0.0936
FBgn0026576	1801	520	565	1295	445	552	906	813	805	661	623	676	747.39	841	653	0.775	-0.368	-2.984	0.00284654164270172	0.0341357879439949	0.0023	0.0171	0.0095	0.0095	TRUE	0.0579
FBgn0284226	1275	427	362	974	277	327	641	668	516	497	388	400	518.42	608	428	0.707	-0.5	-2.981	0.00287086327167039	0.0343817330463792	0.0157	0.0192	0.0181	0.0181	TRUE	0.2474
FBgn0034501	4911	2041	2164	3719	1634	1894	2470	3192	3084	1899	2287	2318	2541.9	2915	2168	0.744	-0.427	-2.977	0.0029113489204473	0.0346823574169006	0.0141	0.0136	0.0144	0.0144	TRUE	0.2215
FBgn0027657	1038	250	330	664	231	276	522	391	470	339	323	338	397.29	461	333	0.72	-0.475	-2.974	0.00293829717466473	0.0349111514112339	0.0088	0.0214	0.0156	0.0156	TRUE	0.1933
FBgn0261641	4030	1275	1325	3158	1137	1318	2027	1994	1888	1613	1592	1613	1787.87	1970	1606	0.815	-0.295	-2.971	0.00297231687837769	0.0352225408793824	0	0.0142	0.0065	0.0065	TRUE	0.0156
FBgn0001967	27	17	17	7	3	7	14	27	24	4	4	9	13.46	22	6	0.249	-2.004	-2.966	0.00302117201173337	0.0357076398451003	0.099	0.2829	0.2097	0.2097	TRUE	0.9318
FBgn0004197	2606	1047	1074	1868	868	942	1311	1638	1531	954	1215	1153	1300.18	1493	1107	0.741	-0.432	-2.964	0.0030332833734304	0.0357824490491398	0.0126	0.015	0.0144	0.0144	TRUE	0.1842
FBgn0050344	1344	451	515	1101	365	456	676	705	734	562	511	558	624.46	705	544	0.774	-0.37	-2.964	0.00303940518647606	0.0357824490491398	0	0.018	0.0095	0.0095	TRUE	0.0303
FBgn0015288	27531	9449	11045	21734	9151	9527	13848	14779	15741	11099	12811	11661	13323.07	14789	11857	0.802	-0.319	-2.962	0.00305739836646317	0.0359473513282463	0.0046	0.0125	0.0083	0.0083	TRUE	0.0604
FBgn0042641	2677	948	1139	1999	854	973	1347	1483	1623	1021	1196	1191	1309.97	1484	1136	0.765	-0.387	-2.959	0.00308811879216703	0.0362612698798988	0.0079	0.015	0.0115	0.0115	TRUE	0.099
FBgn0003261	34380	11410	11795	27289	10645	11763	17293	17846	16810	13936	14902	14398	15864.09	17316	14412	0.832	-0.265	-2.958	0.00309706512175315	0.036319028957048	9e-04	0.0124	0.0057	0.0057	TRUE	0.0108
FBgn0035708	2928	954	952	2384	786	902	1473	1492	1357	1217	1100	1104	1290.58	1441	1140	0.793	-0.335	-2.957	0.00311019789261467	0.0363313012896362	0.0023	0.015	0.0084	0.0084	TRUE	0.0441
FBgn0263392	12639	4686	3463	8840	3393	3613	6358	7329	4935	4514	4750	4422	5384.75	6207	4562	0.735	-0.444	-2.957	0.00310941480216946	0.0363313012896362	0.0192	0.0129	0.0161	0.0161	TRUE	0.2357
FBgn0266084	992	360	321	712	269	319	499	563	457	364	377	390	441.69	506	377	0.744	-0.427	-2.957	0.00310253616885251	0.0363313012896362	0.0027	0.0204	0.0125	0.0125	TRUE	0.0997
FBgn0031752	2568	893	867	2109	725	833	1292	1397	1236	1077	1015	1020	1172.59	1308	1037	0.794	-0.332	-2.955	0.00313017301742016	0.0364230971239935	0.0012	0.0153	0.0082	0.0082	TRUE	0.0398
FBgn0015714	2745	760	946	2187	658	770	1381	1189	1348	1117	921	942	1149.68	1306	993	0.762	-0.393	-2.948	0.0031971807409505	0.0371548658787263	0.0076	0.0154	0.0118	0.0118	TRUE	0.1478
FBgn0003997	400	109	95	242	50	79	201	170	135	124	70	97	132.89	169	97	0.577	-0.792	-2.944	0.00323918453355423	0.0375462289506324	0.05	0.0396	0.0437	0.0437	TRUE	0.2862
FBgn0014469	2044	599	653	1602	513	559	1028	937	931	818	718	684	852.68	965	740	0.768	-0.381	-2.938	0.00330039551871452	0.0382066325902023	0.0052	0.0165	0.0109	0.0109	TRUE	0.108
FBgn0040391	54	19	22	16	8	11	27	30	31	8	11	13	20.18	29	11	0.362	-1.464	-2.938	0.00330848015562659	0.0382511205685135	0	0.1927	0.1143	0.1143	TRUE	0.3765
FBgn0027339	3884	1260	1057	2829	992	980	1954	1971	1506	1445	1389	1200	1577.28	1810	1345	0.743	-0.429	-2.927	0.00341781366145966	0.0393135760191878	0.0142	0.0145	0.0148	0.0148	TRUE	0.256
FBgn0029893	4880	1720	1613	3243	1395	1716	2455	2690	2299	1656	1953	2100	2192.16	2481	1903	0.766	-0.384	-2.923	0.00347114662849551	0.0398761787207293	0.0095	0.0138	0.012	0.012	TRUE	0.1611
FBgn0050046	2345	805	846	1712	735	789	1180	1259	1206	874	1029	966	1085.54	1215	956	0.786	-0.348	-2.919	0.0035070869555074	0.0401356727979261	0.0032	0.0155	0.0092	0.0092	TRUE	0.072
FBgn0034221	260	96	104	189	70	61	131	150	148	97	98	75	116.39	143	90	0.634	-0.658	-2.906	0.00365686089973272	0.0415858405974649	0	0.0435	0.0275	0.0275	TRUE	0.1821
FBgn0016926	1915	597	713	1575	552	582	963	934	1016	804	773	712	867.09	971	763	0.787	-0.345	-2.9	0.00372624893578482	0.0421622495645013	0.0016	0.0164	0.0089	0.0089	TRUE	0.0397
FBgn0052772	1250	403	399	921	335	391	629	630	569	470	469	479	540.93	609	473	0.775	-0.368	-2.893	0.00381674710597271	0.0430781294138446	0	0.0189	0.0097	0.0097	TRUE	0.0376
FBgn0011766	12637	4136	4089	9305	3697	4304	6357	6469	5827	4752	5175	5268	5641.37	6218	5065	0.814	-0.297	-2.892	0.00382816887146617	0.0430991596540349	0.0027	0.0128	0.0074	0.0074	TRUE	0.0364
FBgn0037760	4587	1512	1332	3497	1217	1330	2307	2365	1898	1786	1704	1628	1947.98	2190	1706	0.779	-0.361	-2.869	0.00411149538636583	0.0458879522206029	0.007	0.0141	0.0108	0.0108	TRUE	0.1614
FBgn0033844	10441	3681	3814	8367	3317	3766	5252	5757	5436	4273	4644	4610	4995.1	5482	4509	0.822	-0.282	-2.854	0.00431352805676506	0.0476708284508668	0.0018	0.0129	0.0068	0.0068	TRUE	0.026
FBgn0028482	182	66	74	112	48	47	92	103	105	57	67	58	80.36	100	61	0.606	-0.723	-2.848	0.00439311179962288	0.0484909206964493	0	0.0575	0.0326	0.0326	TRUE	0.0714
FBgn0085434	1284	421	407	923	374	368	646	658	580	471	524	450	554.95	628	482	0.765	-0.386	-2.848	0.00439910281404596	0.0484976884805213	0.0026	0.0187	0.0113	0.0113	TRUE	0.0611
FBgn0022382	1968	557	571	1492	454	449	990	871	814	762	636	550	770.32	892	649	0.729	-0.456	-2.842	0.00448441428799239	0.049195942927814	0.0166	0.0169	0.0171	0.0171	TRUE	0.2896
FBgn0039797	543	190	173	347	150	160	273	297	247	177	210	196	233.31	272	194	0.71	-0.495	-2.842	0.00448603503946073	0.049195942927814	0.0034	0.0278	0.0172	0.0172	TRUE	0.0775
FBgn0004387	4433	1671	1624	3369	1419	1589	2230	2614	2314	1720	1986	1945	2134.95	2386	1884	0.789	-0.341	-2.838	0.00454192102104873	0.0496473257791727	0.0057	0.0139	0.0099	0.0099	TRUE	0.0831
FBgn0034160	107	41	22	50	16	14	54	64	31	26	22	17	35.73	50	22	0.441	-1.181	-2.836	0.004571874935123	0.0498538913723569	0.0519	0.1141	0.0911	0.0911	TRUE	0.2748
